8191
0
-6805
7911
2119
-6805
7911
2119
-6805
6329
1695
-4083
6329
1695
-4083
6552
0
-4083
6552
0
-4083
8191
0
-6805
7911
2119
-6805
7093
4095
-6805
7093
4095
-6805
5674
3276
-4083
5674
3276
-4083
6329
1695
-4083
7093
4095
-6805
5791
5791
-6805
5791
5791
-6805
4633
4633
-4083
4633
4633
-4083
5674
3276
-4083
5791
5791
-6805
4095
7093
-6805
4095
7093
-6805
3276
5674
-4083
3276
5674
-4083
4633
4633
-4083
4095
7093
-6805
2119
7911
-6805
2119
7911
-6805
1695
6329
-4083
1695
6329
-4083
3276
5674
-4083
2119
7911
-6805
0
8191
-6805
0
8191
-6805
0
6552
-4083
0
6552
-4083
1695
6329
-4083
0
8191
-6805
-2119
7911
-6805
-2119
7911
-6805
-1695
6329
-4083
-1695
6329
-4083
0
6552
-4083
-2119
7911
-6805
-4095
7093
-6805
-4095
7093
-6805
-3276
5674
-4083
-3276
5674
-4083
-1695
6329
-4083
-4095
7093
-6805
-5791
5791
-6805
-5791
5791
-6805
-4633
4633
-4083
-4633
4633
-4083
-3276
5674
-4083
-5791
5791
-6805
-7093
4095
-6805
-7093
4095
-6805
-5674
3276
-4083
-5674
3276
-4083
-4633
4633
-4083
-7093
4095
-6805
-7911
2119
-6805
-7911
2119
-6805
-6329
1695
-4083
-6329
1695
-4083
-5674
3276
-4083
-7911
2119
-6805
-8191
0
-6805
-8191
0
-6805
-6552
0
-4083
-6552
0
-4083
-6329
1695
-4083
-8191
0
-6805
-7911
-2119
-6805
-7911
-2119
-6805
-6329
-1695
-4083
-6329
-1695
-4083
-6552
0
-4083
-7911
-2119
-6805
-7093
-4095
-6805
-7093
-4095
-6805
-5674
-3276
-4083
-5674
-3276
-4083
-6329
-1695
-4083
-7093
-4095
-6805
-5791
-5791
-6805
-5791
-5791
-6805
-4633
-4633
-4083
-4633
-4633
-4083
-5674
-3276
-4083
-5791
-5791
-6805
-4095
-7093
-6805
-4095
-7093
-6805
-3276
-5674
-4083
-3276
-5674
-4083
-4633
-4633
-4083
-4095
-7093
-6805
-2119
-7911
-6805
-2119
-7911
-6805
-1695
-6329
-4083
-1695
-6329
-4083
-3276
-5674
-4083
-2119
-7911
-6805
0
-8191
-6805
0
-8191
-6805
0
-6552
-4083
0
-6552
-4083
-1695
-6329
-4083
0
-8191
-6805
2119
-7911
-6805
2119
-7911
-6805
1695
-6329
-4083
1695
-6329
-4083
0
-6552
-4083
2119
-7911
-6805
4095
-7093
-6805
4095
-7093
-6805
3276
-5674
-4083
3276
-5674
-4083
1695
-6329
-4083
4095
-7093
-6805
5791
-5791
-6805
5791
-5791
-6805
4633
-4633
-4083
4633
-4633
-4083
3276
-5674
-4083
5791
-5791
-6805
7093
-4095
-6805
7093
-4095
-6805
5674
-3276
-4083
5674
-3276
-4083
4633
-4633
-4083
7093
-4095
-6805
7911
-2119
-6805
7911
-2119
-6805
6329
-1695
-4083
6329
-1695
-4083
5674
-3276
-4083
7911
-2119
-6805
8191
0
-6805
6552
0
-4083
6329
-1695
-4083
6329
1695
-4083
4747
1271
-1361
4747
1271
-1361
4914
0
-1361
4914
0
-1361
6552
0
-4083
5674
3276
-4083
4256
2457
-1361
4256
2457
-1361
4747
1271
-1361
4633
4633
-4083
3475
3475
-1361
3475
3475
-1361
4256
2457
-1361
3276
5674
-4083
2457
4256
-1361
2457
4256
-1361
3475
3475
-1361
1695
6329
-4083
1271
4747
-1361
1271
4747
-1361
2457
4256
-1361
0
6552
-4083
0
4914
-1361
0
4914
-1361
1271
4747
-1361
-1695
6329
-4083
-1271
4747
-1361
-1271
4747
-1361
0
4914
-1361
-3276
5674
-4083
-2457
4256
-1361
-2457
4256
-1361
-1271
4747
-1361
-4633
4633
-4083
-3475
3475
-1361
-3475
3475
-1361
-2457
4256
-1361
-5674
3276
-4083
-4256
2457
-1361
-4256
2457
-1361
-3475
3475
-1361
-6329
1695
-4083
-4747
1271
-1361
-4747
1271
-1361
-4256
2457
-1361
-6552
0
-4083
-4914
0
-1361
-4914
0
-1361
-4747
1271
-1361
-6329
-1695
-4083
-4747
-1271
-1361
-4747
-1271
-1361
-4914
0
-1361
-5674
-3276
-4083
-4256
-2457
-1361
-4256
-2457
-1361
-4747
-1271
-1361
-4633
-4633
-4083
-3475
-3475
-1361
-3475
-3475
-1361
-4256
-2457
-1361
-3276
-5674
-4083
-2457
-4256
-1361
-2457
-4256
-1361
-3475
-3475
-1361
-1695
-6329
-4083
-1271
-4747
-1361
-1271
-4747
-1361
-2457
-4256
-1361
0
-6552
-4083
0
-4914
-1361
0
-4914
-1361
-1271
-4747
-1361
1695
-6329
-4083
1271
-4747
-1361
1271
-4747
-1361
0
-4914
-1361
3276
-5674
-4083
2457
-4256
-1361
2457
-4256
-1361
1271
-4747
-1361
4633
-4633
-4083
3475
-3475
-1361
3475
-3475
-1361
2457
-4256
-1361
5674
-3276
-4083
4256
-2457
-1361
4256
-2457
-1361
3475
-3475
-1361
6329
-1695
-4083
4747
-1271
-1361
4747
-1271
-1361
4256
-2457
-1361
4914
0
-1361
4747
-1271
-1361
4747
1271
-1361
3164
847
1361
3164
847
1361
3276
0
1361
3276
0
1361
4914
0
-1361
4256
2457
-1361
2837
1638
1361
2837
1638
1361
3164
847
1361
3475
3475
-1361
2316
2316
1361
2316
2316
1361
2837
1638
1361
2457
4256
-1361
1638
2837
1361
1638
2837
1361
2316
2316
1361
1271
4747
-1361
847
3164
1361
847
3164
1361
1638
2837
1361
0
4914
-1361
0
3276
1361
0
3276
1361
847
3164
1361
-1271
4747
-1361
-847
3164
1361
-847
3164
1361
0
3276
1361
-2457
4256
-1361
-1638
2837
1361
-1638
2837
1361
-847
3164
1361
-3475
3475
-1361
-2316
2316
1361
-2316
2316
1361
-1638
2837
1361
-4256
2457
-1361
-2837
1638
1361
-2837
1638
1361
-2316
2316
1361
-4747
1271
-1361
-3164
847
1361
-3164
847
1361
-2837
1638
1361
-4914
0
-1361
-3276
0
1361
-3276
0
1361
-3164
847
1361
-4747
-1271
-1361
-3164
-847
1361
-3164
-847
1361
-3276
0
1361
-4256
-2457
-1361
-2837
-1638
1361
-2837
-1638
1361
-3164
-847
1361
-3475
-3475
-1361
-2316
-2316
1361
-2316
-2316
1361
-2837
-1638
1361
-2457
-4256
-1361
-1638
-2837
1361
-1638
-2837
1361
-2316
-2316
1361
-1271
-4747
-1361
-847
-3164
1361
-847
-3164
1361
-1638
-2837
1361
0
-4914
-1361
0
-3276
1361
0
-3276
1361
-847
-3164
1361
1271
-4747
-1361
847
-3164
1361
847
-3164
1361
0
-3276
1361
2457
-4256
-1361
1638
-2837
1361
1638
-2837
1361
847
-3164
1361
3475
-3475
-1361
2316
-2316
1361
2316
-2316
1361
1638
-2837
1361
4256
-2457
-1361
2837
-1638
1361
2837
-1638
1361
2316
-2316
1361
4747
-1271
-1361
3164
-847
1361
3164
-847
1361
2837
-1638
1361
3276
0
1361
3164
-847
1361
3164
847
1361
1582
423
4083
1582
423
4083
1638
0
4083
1638
0
4083
3276
0
1361
2837
1638
1361
1418
819
4083
1418
819
4083
1582
423
4083
2316
2316
1361
1158
1158
4083
1158
1158
4083
1418
819
4083
1638
2837
1361
819
1418
4083
819
1418
4083
1158
1158
4083
847
3164
1361
423
1582
4083
423
1582
4083
819
1418
4083
0
3276
1361
0
1638
4083
0
1638
4083
423
1582
4083
-847
3164
1361
-423
1582
4083
-423
1582
4083
0
1638
4083
-1638
2837
1361
-819
1418
4083
-819
1418
4083
-423
1582
4083
-2316
2316
1361
-1158
1158
4083
-1158
1158
4083
-819
1418
4083
-2837
1638
1361
-1418
819
4083
-1418
819
4083
-1158
1158
4083
-3164
847
1361
-1582
423
4083
-1582
423
4083
-1418
819
4083
-3276
0
1361
-1638
0
4083
-1638
0
4083
-1582
423
4083
-3164
-847
1361
-1582
-423
4083
-1582
-423
4083
-1638
0
4083
-2837
-1638
1361
-1418
-819
4083
-1418
-819
4083
-1582
-423
4083
-2316
-2316
1361
-1158
-1158
4083
-1158
-1158
4083
-1418
-819
4083
-1638
-2837
1361
-819
-1418
4083
-819
-1418
4083
-1158
-1158
4083
-847
-3164
1361
-423
-1582
4083
-423
-1582
4083
-819
-1418
4083
0
-3276
1361
0
-1638
4083
0
-1638
4083
-423
-1582
4083
847
-3164
1361
423
-1582
4083
423
-1582
4083
0
-1638
4083
1638
-2837
1361
819
-1418
4083
819
-1418
4083
423
-1582
4083
2316
-2316
1361
1158
-1158
4083
1158
-1158
4083
819
-1418
4083
2837
-1638
1361
1418
-819
4083
1418
-819
4083
1158
-1158
4083
3164
-847
1361
1582
-423
4083
1582
-423
4083
1418
-819
4083
1638
0
4083
1582
-423
4083
1582
423
4083
0
0
6805
0
0
6805
0
0
6805
0
0
6805
1638
0
4083
1418
819
4083
0
0
6805
0
0
6805
0
0
6805
1158
1158
4083
0
0
6805
0
0
6805
0
0
6805
819
1418
4083
0
0
6805
0
0
6805
0
0
6805
423
1582
4083
0
0
6805
0
0
6805
0
0
6805
0
1638
4083
0
0
6805
0
0
6805
0
0
6805
-423
1582
4083
0
0
6805
0
0
6805
0
0
6805
-819
1418
4083
0
0
6805
0
0
6805
0
0
6805
-1158
1158
4083
0
0
6805
0
0
6805
0
0
6805
-1418
819
4083
0
0
6805
0
0
6805
0
0
6805
-1582
423
4083
0
0
6805
0
0
6805
0
0
6805
-1638
0
4083
0
0
6805
0
0
6805
0
0
6805
-1582
-423
4083
0
0
6805
0
0
6805
0
0
6805
-1418
-819
4083
0
0
6805
0
0
6805
0
0
6805
-1158
-1158
4083
0
0
6805
0
0
6805
0
0
6805
-819
-1418
4083
0
0
6805
0
0
6805
0
0
6805
-423
-1582
4083
0
0
6805
0
0
6805
0
0
6805
0
-1638
4083
0
0
6805
0
0
6805
0
0
6805
423
-1582
4083
0
0
6805
0
0
6805
0
0
6805
819
-1418
4083
0
0
6805
0
0
6805
0
0
6805
1158
-1158
4083
0
0
6805
0
0
6805
0
0
6805
1418
-819
4083
0
0
6805
0
0
6805
0
0
6805
1582
-423
4083
0
0
6805
0
0
6805
0
0
6805
0
0
6805
0
0
6805
