-1491
-3385
5053
-1524
-3333
5307
-1524
-3333
5307
-1431
-3317
5296
-1431
-3317
5296
-1491
-3385
5053
-1171
-900
-7779
-1144
-869
-7647
-1144
-869
-7647
-1183
-811
-7772
-1183
-811
-7772
-1171
-900
-7779
-1160
-967
-7678
-1144
-869
-7647
-1171
-900
-7779
-1160
-967
-7678
-1160
-967
-7678
-1204
-940
-6937
-1204
-940
-6937
-1144
-869
-7647
690
-3720
4290
916
-3564
4243
916
-3564
4243
955
-3604
4724
955
-3604
4724
690
-3720
4290
690
-3720
4290
718
-3749
4082
718
-3749
4082
916
-3564
4243
718
-3749
4082
477
-3405
4105
477
-3405
4105
916
-3564
4243
724
-4257
4063
718
-3749
4082
690
-3720
4290
724
-4257
4063
690
-3720
4290
636
-3948
4436
636
-3948
4436
724
-4257
4063
636
-3948
4436
789
-4106
4561
789
-4106
4561
724
-4257
4063
955
-3604
4724
636
-3948
4436
1054
-3936
5200
710
-4128
4659
710
-4128
4659
789
-4106
4561
789
-4106
4561
1054
-3936
5200
636
-3948
4436
830
-3736
4924
830
-3736
4924
789
-4106
4561
955
-3604
4724
830
-3736
4924
830
-3736
4924
1054
-3936
5200
830
-3736
4924
1224
-3542
5346
1224
-3542
5346
1054
-3936
5200
916
-3564
4243
1290
-3537
4544
1290
-3537
4544
955
-3604
4724
1290
-3537
4544
1439
-3465
4989
1439
-3465
4989
955
-3604
4724
955
-3604
4724
1321
-3409
5220
1321
-3409
5220
830
-3736
4924
1439
-3465
4989
1321
-3409
5220
1321
-3409
5220
1224
-3542
5346
1382
-3450
4723
1439
-3465
4989
1290
-3537
4544
1382
-3450
4723
1460
-3415
4962
1439
-3465
4989
1382
-3450
4723
1460
-3415
4962
1460
-3415
4962
1511
-3356
5300
1511
-3356
5300
1439
-3465
4989
1460
-3415
4962
1423
-3370
5082
1423
-3370
5082
1511
-3356
5300
1511
-3356
5300
1321
-3409
5220
1511
-3356
5300
1489
-3291
5491
1489
-3291
5491
1321
-3409
5220
1387
-3425
5568
1321
-3409
5220
1489
-3291
5491
1387
-3425
5568
1387
-3425
5568
1224
-3542
5346
1309
-3553
5538
1224
-3542
5346
1387
-3425
5568
1309
-3553
5538
1180
-3742
5415
1224
-3542
5346
1309
-3553
5538
1180
-3742
5415
1180
-3742
5415
1054
-3936
5200
1054
-3936
5200
657
-3729
4860
657
-3729
4860
710
-4128
4659
657
-3729
4860
540
-3882
4715
540
-3882
4715
710
-4128
4659
657
-3729
4860
526
-3607
4614
526
-3607
4614
540
-3882
4715
681
-3517
4613
526
-3607
4614
657
-3729
4860
681
-3517
4613
809
-3508
4358
526
-3607
4614
681
-3517
4613
809
-3508
4358
809
-3508
4358
1290
-3537
4544
916
-3564
4243
809
-3508
4358
477
-3405
4105
809
-3508
4358
887
-3709
5101
681
-3517
4613
657
-3729
4860
887
-3709
5101
1054
-3936
5200
887
-3709
5101
1180
-3742
5415
887
-3709
5101
1198
-3507
5427
887
-3709
5101
1180
-3742
5415
1198
-3507
5427
681
-3517
4613
1227
-3470
4693
1227
-3470
4693
809
-3508
4358
1227
-3470
4693
1290
-3537
4544
1387
-3425
5568
1198
-3507
5427
1198
-3507
5427
1309
-3553
5538
1227
-3470
4693
1382
-3450
4723
1227
-3470
4693
1460
-3415
4962
1088
-3389
5074
1227
-3470
4693
681
-3517
4613
1088
-3389
5074
887
-3709
5101
1088
-3389
5074
1198
-3507
5427
1088
-3389
5074
1088
-3389
5074
1423
-3370
5082
1423
-3370
5082
1227
-3470
4693
1324
-3312
5320
1088
-3389
5074
1198
-3507
5427
1324
-3312
5320
1324
-3312
5320
1423
-3370
5082
1387
-3425
5568
1324
-3312
5320
1489
-3291
5491
1324
-3312
5320
1324
-3312
5320
1511
-3356
5300
-477
-3580
4105
-718
-3859
4082
-718
-3859
4082
-796
-3695
4164
-796
-3695
4164
-477
-3580
4105
-718
-3859
4082
-812
-3778
4189
-812
-3778
4189
-796
-3695
4164
-812
-3778
4189
-1121
-3639
4408
-1121
-3639
4408
-796
-3695
4164
-724
-4297
4063
-683
-3806
4284
-683
-3806
4284
-718
-3859
4082
-718
-3859
4082
-724
-4297
4063
-683
-3806
4284
-812
-3778
4189
-724
-4297
4063
-765
-4141
4523
-765
-4141
4523
-683
-3806
4284
-683
-3806
4284
-1121
-3639
4408
-1121
-3639
4408
-1132
-3580
4378
-1132
-3580
4378
-796
-3695
4164
-765
-4141
4523
-601
-3933
4477
-601
-3933
4477
-683
-3806
4284
-1390
-3502
4821
-1132
-3580
4378
-1121
-3639
4408
-1390
-3502
4821
-1406
-3447
4797
-1132
-3580
4378
-1390
-3502
4821
-1406
-3447
4797
-1390
-3502
4821
-1491
-3385
5053
-1491
-3385
5053
-1406
-3447
4797
-877
-3643
4653
-1121
-3639
4408
-683
-3806
4284
-877
-3643
4653
-601
-3933
4477
-877
-3643
4653
-877
-3643
4653
-1390
-3502
4821
-765
-4141
4523
-737
-3817
4767
-737
-3817
4767
-601
-3933
4477
-737
-3817
4767
-877
-3643
4653
-945
-3979
4886
-737
-3817
4767
-765
-4141
4523
-945
-3979
4886
-765
-4141
4523
-686
-4150
4624
-686
-4150
4624
-945
-3979
4886
-973
-3642
5102
-877
-3643
4653
-737
-3817
4767
-973
-3642
5102
-945
-3979
4886
-973
-3642
5102
-1151
-3495
5008
-1390
-3502
4821
-877
-3643
4653
-1151
-3495
5008
-973
-3642
5102
-1151
-3495
5008
-686
-4150
4624
-887
-4012
4918
-887
-4012
4918
-945
-3979
4886
-686
-4150
4624
-590
-3887
4750
-590
-3887
4750
-887
-4012
4918
-1125
-3857
5287
-973
-3642
5102
-945
-3979
4886
-1125
-3857
5287
-887
-4012
4918
-1125
-3857
5287
-590
-3887
4750
-523
-3706
4623
-523
-3706
4623
-729
-3739
4947
-729
-3739
4947
-590
-3887
4750
-729
-3739
4947
-887
-4012
4918
-887
-4012
4918
-1081
-3868
5320
-1081
-3868
5320
-1125
-3857
5287
-729
-3739
4947
-1081
-3868
5320
-1125
-3857
5287
-1338
-3486
5475
-1338
-3486
5475
-973
-3642
5102
-1338
-3486
5475
-1151
-3495
5008
-1258
-3614
5518
-1125
-3857
5287
-1081
-3868
5320
-1258
-3614
5518
-1280
-3613
5493
-1125
-3857
5287
-1258
-3614
5518
-1280
-3613
5493
-1280
-3613
5493
-1338
-3486
5475
-1258
-3614
5518
-1338
-3486
5475
-1258
-3614
5518
-1322
-3433
5538
-1322
-3433
5538
-1338
-3486
5475
-1322
-3433
5538
-1407
-3374
5369
-1407
-3374
5369
-1338
-3486
5475
-1407
-3374
5369
-1151
-3495
5008
-1322
-3433
5538
-1472
-3304
5501
-1472
-3304
5501
-1407
-3374
5369
-1524
-3333
5307
-1407
-3374
5369
-1472
-3304
5501
-1524
-3333
5307
-1407
-3374
5369
-1482
-3409
5185
-1482
-3409
5185
-1151
-3495
5008
-1524
-3333
5307
-1482
-3409
5185
-1482
-3409
5185
-1390
-3502
4821
-1491
-3385
5053
-1482
-3409
5185
-729
-3739
4947
-1087
-3584
5313
-1087
-3584
5313
-1081
-3868
5320
-1087
-3584
5313
-1258
-3614
5518
-1087
-3584
5313
-1322
-3433
5538
-913
-3446
4839
-1087
-3584
5313
-729
-3739
4947
-913
-3446
4839
-523
-3706
4623
-913
-3446
4839
-523
-3706
4623
-665
-3632
4298
-665
-3632
4298
-913
-3446
4839
-796
-3695
4164
-665
-3632
4298
-665
-3632
4298
-477
-3580
4105
-1132
-3580
4378
-665
-3632
4298
-1132
-3580
4378
-913
-3446
4839
-1406
-3447
4797
-913
-3446
4839
-1231
-3336
5204
-1087
-3584
5313
-913
-3446
4839
-1231
-3336
5204
-1406
-3447
4797
-1231
-3336
5204
-1491
-3385
5053
-1231
-3336
5204
-1231
-3336
5204
-1322
-3433
5538
-1431
-3317
5296
-1231
-3336
5204
-1431
-3317
5296
-1322
-3433
5538
-1431
-3317
5296
-1472
-3304
5501
-1087
2936
-2093
-990
3250
-2406
-990
3250
-2406
-370
3490
-2150
-370
3490
-2150
-1087
2936
-2093
-990
3250
-2406
-439
3712
-2237
-439
3712
-2237
-370
3490
-2150
-439
3712
-2237
-37
4283
-1957
-37
4283
-1957
-370
3490
-2150
-990
3250
-2406
-951
3989
-3235
-951
3989
-3235
-439
3712
-2237
-220
4367
-2058
-37
4283
-1957
-439
3712
-2237
-220
4367
-2058
-220
4367
-2058
-323
5045
-2150
-323
5045
-2150
-37
4283
-1957
-951
3989
-3235
-447
4324
-2822
-447
4324
-2822
-439
3712
-2237
-447
4324
-2822
-220
4367
-2058
-951
3989
-3235
-865
4676
-3909
-865
4676
-3909
-447
4324
-2822
-220
4367
-2058
-375
4878
-2275
-375
4878
-2275
-323
5045
-2150
-447
4324
-2822
-375
4878
-2275
-865
4676
-3909
-514
5018
-3790
-514
5018
-3790
-447
4324
-2822
-840
5173
-4575
-514
5018
-3790
-865
4676
-3909
-840
5173
-4575
-447
4324
-2822
-519
5018
-2862
-519
5018
-2862
-375
4878
-2275
-514
5018
-3790
-519
5018
-2862
-375
4878
-2275
-967
5217
-2554
-967
5217
-2554
-323
5045
-2150
-519
5018
-2862
-967
5217
-2554
-967
5217
-2554
-1017
5358
-2120
-1017
5358
-2120
-323
5045
-2150
-514
5018
-3790
-610
5479
-3616
-610
5479
-3616
-519
5018
-2862
-967
5217
-2554
-1493
4891
-2193
-1493
4891
-2193
-1017
5358
-2120
-1493
4891
-2193
-1550
5040
-1715
-1550
5040
-1715
-1017
5358
-2120
-910
5334
-2985
-967
5217
-2554
-519
5018
-2862
-910
5334
-2985
-610
5479
-3616
-910
5334
-2985
-967
5217
-2554
-1271
5042
-2862
-1271
5042
-2862
-1493
4891
-2193
-910
5334
-2985
-1271
5042
-2862
-1493
4891
-2193
-1728
4382
-2048
-1728
4382
-2048
-1550
5040
-1715
-1728
4382
-2048
-1716
4449
-1430
-1716
4449
-1430
-1550
5040
-1715
-1728
4382
-2048
-1743
3706
-1577
-1743
3706
-1577
-1716
4449
-1430
-1493
4891
-2193
-1494
4470
-3148
-1494
4470
-3148
-1728
4382
-2048
-1271
5042
-2862
-1494
4470
-3148
-1581
3722
-2236
-1743
3706
-1577
-1728
4382
-2048
-1581
3722
-2236
-1494
4470
-3148
-1581
3722
-2236
-1581
3722
-2236
-1087
2936
-2093
-1087
2936
-2093
-1743
3706
-1577
-1581
3722
-2236
-990
3250
-2406
-1581
3722
-2236
-951
3989
-3235
-1494
4470
-3148
-951
3989
-3235
-1494
4470
-3148
-865
4676
-3909
-1219
5020
-3848
-865
4676
-3909
-1494
4470
-3148
-1219
5020
-3848
-1271
5042
-2862
-1219
5020
-3848
-1219
5020
-3848
-840
5173
-4575
-1103
5537
-3606
-1219
5020
-3848
-1271
5042
-2862
-1103
5537
-3606
-910
5334
-2985
-1103
5537
-3606
-1102
5420
-4561
-840
5173
-4575
-1219
5020
-3848
-1102
5420
-4561
-1103
5537
-3606
-1102
5420
-4561
-842
5678
-3580
-1103
5537
-3606
-910
5334
-2985
-842
5678
-3580
-610
5479
-3616
-842
5678
-3580
-1017
5874
-4435
-1102
5420
-4561
-1103
5537
-3606
-1017
5874
-4435
-842
5678
-3580
-1017
5874
-4435
-1080
5274
-5825
-840
5173
-4575
-1102
5420
-4561
-1080
5274
-5825
-858
5088
-5822
-840
5173
-4575
-1080
5274
-5825
-858
5088
-5822
-1080
5274
-5825
-950
4821
-7159
-950
4821
-7159
-858
5088
-5822
-1032
5515
-5832
-1102
5420
-4561
-1017
5874
-4435
-1032
5515
-5832
-1032
5515
-5832
-1080
5274
-5825
-805
5995
-4416
-1017
5874
-4435
-842
5678
-3580
-805
5995
-4416
-1198
5015
-7212
-950
4821
-7159
-1080
5274
-5825
-1198
5015
-7212
-842
5678
-3580
-581
5822
-4455
-581
5822
-4455
-805
5995
-4416
-610
5479
-3616
-581
5822
-4455
-855
5611
-5834
-1017
5874
-4435
-805
5995
-4416
-855
5611
-5834
-581
5822
-4455
-855
5611
-5834
-855
5611
-5834
-1032
5515
-5832
-610
5479
-3616
-503
5399
-4608
-503
5399
-4608
-581
5822
-4455
-514
5018
-3790
-503
5399
-4608
-840
5173
-4575
-503
5399
-4608
-503
5399
-4608
-687
5517
-5832
-687
5517
-5832
-581
5822
-4455
-687
5517
-5832
-855
5611
-5834
-840
5173
-4575
-659
5273
-5825
-659
5273
-5825
-503
5399
-4608
-659
5273
-5825
-687
5517
-5832
-858
5088
-5822
-659
5273
-5825
-687
5517
-5832
-762
5285
-7272
-762
5285
-7272
-855
5611
-5834
-659
5273
-5825
-762
5285
-7272
-858
5088
-5822
-716
5015
-7211
-716
5015
-7211
-659
5273
-5825
-716
5015
-7211
-762
5285
-7272
-950
4821
-7159
-716
5015
-7211
-950
4821
-7159
-977
4648
-7511
-977
4648
-7511
-716
5015
-7211
-762
5285
-7272
-950
5366
-7291
-950
5366
-7291
-855
5611
-5834
-950
5366
-7291
-1032
5515
-5832
-696
4759
-7646
-762
5285
-7272
-716
5015
-7211
-696
4759
-7646
-977
4648
-7511
-696
4759
-7646
-870
5032
-7879
-950
5366
-7291
-762
5285
-7272
-870
5032
-7879
-696
4759
-7646
-870
5032
-7879
-950
5366
-7291
-1150
5285
-7272
-1150
5285
-7272
-1032
5515
-5832
-1150
5285
-7272
-1080
5274
-5825
-1150
5285
-7272
-1198
5015
-7212
-1005
5066
-7896
-950
5366
-7291
-870
5032
-7879
-1005
5066
-7896
-1005
5066
-7896
-1150
5285
-7272
-696
4759
-7646
-877
4894
-7965
-877
4894
-7965
-870
5032
-7879
-877
4894
-7965
-1005
5066
-7896
-977
4648
-7511
-742
4551
-7879
-742
4551
-7879
-696
4759
-7646
-742
4551
-7879
-877
4894
-7965
-992
4249
-7840
-742
4551
-7879
-977
4648
-7511
-992
4249
-7840
-707
4107
-8190
-992
4249
-7840
-992
4249
-7840
-1004
3874
-8190
-1004
3874
-8190
-707
4107
-8190
-707
4107
-8190
-742
4551
-7879
-707
4107
-8190
-664
4401
-8190
-664
4401
-8190
-742
4551
-7879
-775
4639
-8190
-742
4551
-7879
-664
4401
-8190
-775
4639
-8190
-775
4639
-8190
-877
4894
-7965
-1021
4693
-8190
-877
4894
-7965
-775
4639
-8190
-1021
4693
-8190
-1021
4854
-7956
-877
4894
-7965
-1021
4693
-8190
-1021
4854
-7956
-1021
4854
-7956
-1005
5066
-7896
-1021
4693
-8190
-1167
4894
-7965
-1167
4894
-7965
-1021
4854
-7956
-1021
4693
-8190
-1262
4638
-8190
-1262
4638
-8190
-1167
4894
-7965
-1021
4854
-7956
-1154
5032
-7879
-1154
5032
-7879
-1005
5066
-7896
-1167
4894
-7965
-1154
5032
-7879
-1154
5032
-7879
-1150
5285
-7272
-1262
4638
-8190
-1266
4544
-7820
-1266
4544
-7820
-1167
4894
-7965
-1262
4638
-8190
-1350
4402
-8190
-1350
4402
-8190
-1266
4544
-7820
-1167
4894
-7965
-1257
4822
-7580
-1257
4822
-7580
-1154
5032
-7879
-1257
4822
-7580
-1150
5285
-7272
-1266
4544
-7820
-1257
4822
-7580
-1257
4822
-7580
-1198
5015
-7212
-1257
4822
-7580
-950
4821
-7159
-1257
4822
-7580
-977
4648
-7511
-1266
4544
-7820
-977
4648
-7511
-1266
4544
-7820
-992
4249
-7840
-1350
4402
-8190
-1290
4107
-8190
-1290
4107
-8190
-1266
4544
-7820
-1290
4107
-8190
-992
4249
-7840
-1290
4107
-8190
-1004
3874
-8190
1087
2936
-2093
370
3490
-2150
370
3490
-2150
990
3250
-2406
990
3250
-2406
1087
2936
-2093
370
3490
-2150
439
3712
-2237
439
3712
-2237
990
3250
-2406
370
3490
-2150
37
4283
-1957
37
4283
-1957
439
3712
-2237
439
3712
-2237
951
3989
-3235
951
3989
-3235
990
3250
-2406
37
4283
-1957
220
4367
-2058
220
4367
-2058
439
3712
-2237
37
4283
-1957
323
5045
-2150
323
5045
-2150
220
4367
-2058
439
3712
-2237
447
4324
-2822
447
4324
-2822
951
3989
-3235
220
4367
-2058
447
4324
-2822
447
4324
-2822
865
4676
-3909
865
4676
-3909
951
3989
-3235
323
5045
-2150
375
4878
-2275
375
4878
-2275
220
4367
-2058
375
4878
-2275
447
4324
-2822
323
5045
-2150
967
5217
-2554
967
5217
-2554
375
4878
-2275
323
5045
-2150
1017
5358
-2120
1017
5358
-2120
967
5217
-2554
519
5018
-2862
447
4324
-2822
375
4878
-2275
519
5018
-2862
967
5217
-2554
519
5018
-2862
447
4324
-2822
514
5018
-3790
514
5018
-3790
865
4676
-3909
519
5018
-2862
514
5018
-3790
514
5018
-3790
840
5173
-4575
840
5173
-4575
865
4676
-3909
1017
5358
-2120
1493
4891
-2193
1493
4891
-2193
967
5217
-2554
1017
5358
-2120
1550
5040
-1715
1550
5040
-1715
1493
4891
-2193
967
5217
-2554
910
5334
-2985
910
5334
-2985
519
5018
-2862
1550
5040
-1715
1728
4382
-2048
1728
4382
-2048
1493
4891
-2193
1550
5040
-1715
1716
4449
-1430
1716
4449
-1430
1728
4382
-2048
1716
4449
-1430
1743
3706
-1577
1743
3706
-1577
1728
4382
-2048
1271
5042
-2862
967
5217
-2554
1493
4891
-2193
1271
5042
-2862
1271
5042
-2862
910
5334
-2985
1494
4470
-3148
1493
4891
-2193
1728
4382
-2048
1494
4470
-3148
1494
4470
-3148
1271
5042
-2862
1743
3706
-1577
1581
3722
-2236
1581
3722
-2236
1728
4382
-2048
1581
3722
-2236
1494
4470
-3148
1087
2936
-2093
1581
3722
-2236
1743
3706
-1577
1087
2936
-2093
990
3250
-2406
1581
3722
-2236
951
3989
-3235
1581
3722
-2236
951
3989
-3235
1494
4470
-3148
865
4676
-3909
1494
4470
-3148
1219
5020
-3848
1494
4470
-3148
865
4676
-3909
1219
5020
-3848
1219
5020
-3848
1271
5042
-2862
840
5173
-4575
1219
5020
-3848
1103
5537
-3606
1271
5042
-2862
1219
5020
-3848
1103
5537
-3606
1103
5537
-3606
910
5334
-2985
840
5173
-4575
1102
5420
-4561
1102
5420
-4561
1219
5020
-3848
1102
5420
-4561
1103
5537
-3606
840
5173
-4575
1080
5274
-5825
1080
5274
-5825
1102
5420
-4561
840
5173
-4575
858
5088
-5822
858
5088
-5822
1080
5274
-5825
858
5088
-5822
950
4821
-7159
950
4821
-7159
1080
5274
-5825
1102
5420
-4561
1017
5874
-4435
1017
5874
-4435
1103
5537
-3606
950
4821
-7159
1198
5015
-7212
1198
5015
-7212
1080
5274
-5825
842
5678
-3580
910
5334
-2985
1103
5537
-3606
842
5678
-3580
1017
5874
-4435
842
5678
-3580
1032
5515
-5832
1102
5420
-4561
1080
5274
-5825
1032
5515
-5832
1032
5515
-5832
1017
5874
-4435
1150
5285
-7272
1080
5274
-5825
1198
5015
-7212
1150
5285
-7272
1150
5285
-7272
1032
5515
-5832
950
4821
-7159
1257
4822
-7580
1257
4822
-7580
1198
5015
-7212
1257
4822
-7580
1150
5285
-7272
950
4821
-7159
977
4648
-7511
977
4648
-7511
1257
4822
-7580
950
5366
-7291
1032
5515
-5832
1150
5285
-7272
950
5366
-7291
977
4648
-7511
1266
4544
-7820
1266
4544
-7820
1257
4822
-7580
977
4648
-7511
992
4249
-7840
992
4249
-7840
1266
4544
-7820
1004
3874
-8190
1290
4107
-8190
1290
4107
-8190
992
4249
-7840
992
4249
-7840
1004
3874
-8190
1290
4107
-8190
1266
4544
-7820
1290
4107
-8190
1350
4402
-8190
1350
4402
-8190
1266
4544
-7820
1350
4402
-8190
1262
4638
-8190
1262
4638
-8190
1266
4544
-7820
1262
4638
-8190
1167
4894
-7965
1167
4894
-7965
1266
4544
-7820
1167
4894
-7965
1257
4822
-7580
1262
4638
-8190
1021
4693
-8190
1021
4693
-8190
1167
4894
-7965
1154
5032
-7879
1257
4822
-7580
1167
4894
-7965
1154
5032
-7879
1154
5032
-7879
1150
5285
-7272
1021
4693
-8190
1021
4854
-7956
1021
4854
-7956
1167
4894
-7965
1021
4854
-7956
1154
5032
-7879
1005
5066
-7896
1150
5285
-7272
1154
5032
-7879
1005
5066
-7896
1021
4854
-7956
1005
5066
-7896
1005
5066
-7896
950
5366
-7291
1021
4693
-8190
877
4894
-7965
877
4894
-7965
1021
4854
-7956
877
4894
-7965
1005
5066
-7896
1021
4693
-8190
775
4639
-8190
775
4639
-8190
877
4894
-7965
870
5032
-7879
950
5366
-7291
1005
5066
-7896
870
5032
-7879
877
4894
-7965
870
5032
-7879
775
4639
-8190
742
4551
-7879
742
4551
-7879
877
4894
-7965
775
4639
-8190
664
4401
-8190
664
4401
-8190
742
4551
-7879
664
4401
-8190
707
4107
-8190
707
4107
-8190
742
4551
-7879
992
4249
-7840
707
4107
-8190
707
4107
-8190
1004
3874
-8190
992
4249
-7840
742
4551
-7879
977
4648
-7511
742
4551
-7879
696
4759
-7646
877
4894
-7965
742
4551
-7879
696
4759
-7646
977
4648
-7511
696
4759
-7646
696
4759
-7646
870
5032
-7879
977
4648
-7511
716
5015
-7211
716
5015
-7211
696
4759
-7646
950
4821
-7159
716
5015
-7211
858
5088
-5822
716
5015
-7211
696
4759
-7646
762
5285
-7272
762
5285
-7272
870
5032
-7879
716
5015
-7211
762
5285
-7272
762
5285
-7272
950
5366
-7291
858
5088
-5822
659
5273
-5825
659
5273
-5825
716
5015
-7211
659
5273
-5825
762
5285
-7272
840
5173
-4575
659
5273
-5825
762
5285
-7272
855
5611
-5834
855
5611
-5834
950
5366
-7291
855
5611
-5834
1032
5515
-5832
855
5611
-5834
1017
5874
-4435
687
5517
-5832
762
5285
-7272
659
5273
-5825
687
5517
-5832
687
5517
-5832
855
5611
-5834
840
5173
-4575
503
5399
-4608
503
5399
-4608
659
5273
-5825
503
5399
-4608
687
5517
-5832
514
5018
-3790
503
5399
-4608
805
5995
-4416
1017
5874
-4435
855
5611
-5834
805
5995
-4416
805
5995
-4416
842
5678
-3580
687
5517
-5832
581
5822
-4455
581
5822
-4455
855
5611
-5834
581
5822
-4455
805
5995
-4416
503
5399
-4608
581
5822
-4455
581
5822
-4455
842
5678
-3580
514
5018
-3790
610
5479
-3616
610
5479
-3616
503
5399
-4608
610
5479
-3616
581
5822
-4455
610
5479
-3616
842
5678
-3580
519
5018
-2862
610
5479
-3616
610
5479
-3616
910
5334
-2985
1160
-967
-7678
1144
-869
-7647
1144
-869
-7647
1204
-940
-6937
1204
-940
-6937
1160
-967
-7678
-912
-1593
-8059
-980
-1842
-8052
-980
-1842
-8052
-1181
-2117
-8191
-1181
-2117
-8191
-912
-1593
-8059
-1181
-2117
-8191
-1297
-1867
-8029
-1297
-1867
-8029
-1461
-1596
-8059
-1461
-1596
-8059
-1181
-2117
-8191
-1194
-1338
-8190
-912
-1593
-8059
-1181
-2117
-8191
-1194
-1338
-8190
-1461
-1596
-8059
-1194
-1338
-8190
-1461
-1596
-8059
-1364
-1333
-8068
-1364
-1333
-8068
-1194
-1338
-8190
-959
-1478
-8190
-912
-1593
-8059
-1194
-1338
-8190
-959
-1478
-8190
-996
-977
-6943
-1160
-967
-7678
-1160
-967
-7678
-1144
-869
-7647
-1144
-869
-7647
-996
-977
-6943
-1204
-940
-6937
-996
-977
-6943
-996
-977
-6943
-1144
-869
-7647
-1176
-935
-5556
-996
-977
-6943
-1204
-940
-6937
-1176
-935
-5556
-947
-968
-5555
-996
-977
-6943
-1176
-935
-5556
-947
-968
-5555
-1176
-935
-5556
-1261
-739
-5060
-1261
-739
-5060
-947
-968
-5555
-1261
-739
-5060
-796
-828
-5054
-796
-828
-5054
-947
-968
-5555
-1204
-940
-6937
-1335
-1159
-5556
-1335
-1159
-5556
-1176
-935
-5556
-1261
-739
-5060
-1227
-757
-4572
-1227
-757
-4572
-796
-828
-5054
-1227
-757
-4572
-822
-845
-4554
-822
-845
-4554
-796
-828
-5054
-1227
-757
-4572
-741
-850
-3907
-741
-850
-3907
-822
-845
-4554
-1176
-935
-5556
-1442
-1169
-5057
-1442
-1169
-5057
-1261
-739
-5060
-1442
-1169
-5057
-1227
-757
-4572
-1335
-1159
-5556
-1442
-1169
-5057
-1227
-757
-4572
-1176
-700
-3798
-1176
-700
-3798
-741
-850
-3907
-1176
-700
-3798
-687
-821
-3281
-687
-821
-3281
-741
-850
-3907
-1442
-1169
-5057
-1434
-1168
-4088
-1434
-1168
-4088
-1227
-757
-4572
-1434
-1168
-4088
-1176
-700
-3798
-1176
-700
-3798
-1014
-574
-3067
-1014
-574
-3067
-687
-821
-3281
-1014
-574
-3067
-491
-744
-2888
-491
-744
-2888
-687
-821
-3281
-1014
-574
-3067
-969
-332
-2635
-969
-332
-2635
-491
-744
-2888
-1176
-700
-3798
-1445
-682
-2968
-1445
-682
-2968
-1014
-574
-3067
-1445
-682
-2968
-969
-332
-2635
-1477
-528
-2371
-969
-332
-2635
-1445
-682
-2968
-1477
-528
-2371
-1176
-700
-3798
-1588
-1139
-2841
-1588
-1139
-2841
-1445
-682
-2968
-1588
-1139
-2841
-1477
-528
-2371
-1434
-1168
-4088
-1588
-1139
-2841
-1588
-1139
-2841
-1645
-1129
-2110
-1645
-1129
-2110
-1477
-528
-2371
-1588
-1139
-2841
-1470
-1769
-2343
-1470
-1769
-2343
-1645
-1129
-2110
-1421
-1680
-2970
-1470
-1769
-2343
-1588
-1139
-2841
-1421
-1680
-2970
-1434
-1168
-4088
-1421
-1680
-2970
-1421
-1680
-2970
-1210
-2028
-2410
-1210
-2028
-2410
-1470
-1769
-2343
-1434
-1168
-4088
-1318
-1549
-4154
-1318
-1549
-4154
-1421
-1680
-2970
-1442
-1169
-5057
-1318
-1549
-4154
-995
-1842
-3085
-1210
-2028
-2410
-1421
-1680
-2970
-995
-1842
-3085
-1318
-1549
-4154
-995
-1842
-3085
-995
-1842
-3085
-885
-1933
-2787
-885
-1933
-2787
-1210
-2028
-2410
-995
-1842
-3085
-407
-2140
-2697
-407
-2140
-2697
-885
-1933
-2787
-426
-1238
-2974
-407
-2140
-2697
-407
-2140
-2697
-565
-1473
-3365
-565
-1473
-3365
-426
-1238
-2974
-995
-1842
-3085
-565
-1473
-3365
-1318
-1549
-4154
-1034
-1662
-4221
-1034
-1662
-4221
-995
-1842
-3085
-1034
-1662
-4221
-565
-1473
-3365
-1318
-1549
-4154
-1225
-1606
-5118
-1225
-1606
-5118
-1034
-1662
-4221
-1442
-1169
-5057
-1225
-1606
-5118
-1034
-1662
-4221
-776
-1330
-4330
-776
-1330
-4330
-565
-1473
-3365
-1225
-1606
-5118
-776
-1330
-4330
-776
-1330
-4330
-741
-850
-3907
-741
-850
-3907
-565
-1473
-3365
-687
-821
-3281
-565
-1473
-3365
-687
-821
-3281
-426
-1238
-2974
-491
-744
-2888
-426
-1238
-2974
-776
-1330
-4330
-822
-845
-4554
-720
-1371
-5089
-822
-845
-4554
-776
-1330
-4330
-720
-1371
-5089
-720
-1371
-5089
-796
-828
-5054
-1225
-1606
-5118
-720
-1371
-5089
-720
-1371
-5089
-947
-968
-5555
-914
-1254
-5555
-947
-968
-5555
-720
-1371
-5089
-914
-1254
-5555
-1225
-1606
-5118
-914
-1254
-5555
-1442
-1169
-5057
-1185
-1400
-5556
-1185
-1400
-5556
-1225
-1606
-5118
-1185
-1400
-5556
-914
-1254
-5555
-1335
-1159
-5556
-1185
-1400
-5556
-1185
-1400
-5556
-1213
-1329
-6935
-1213
-1329
-6935
-914
-1254
-5555
-1335
-1159
-5556
-1213
-1329
-6935
-1213
-1329
-6935
-974
-1211
-6943
-974
-1211
-6943
-914
-1254
-5555
-974
-1211
-6943
-947
-968
-5555
-974
-1211
-6943
-996
-977
-6943
-1329
-1133
-6948
-1213
-1329
-6935
-1335
-1159
-5556
-1329
-1133
-6948
-1204
-940
-6937
-1329
-1133
-6948
-1160
-967
-7678
-1329
-1133
-6948
-974
-1211
-6943
-990
-1301
-7670
-990
-1301
-7670
-996
-977
-6943
-1213
-1329
-6935
-990
-1301
-7670
-990
-1301
-7670
-1160
-967
-7678
-1160
-967
-7678
-996
-977
-6943
-990
-1301
-7670
-1015
-1242
-7943
-1015
-1242
-7943
-1160
-967
-7678
-1015
-1242
-7943
-912
-1593
-8059
-959
-1478
-8190
-1015
-1242
-7943
-990
-1301
-7670
-912
-1593
-8059
-990
-1301
-7670
-980
-1842
-8052
-990
-1301
-7670
-1233
-1413
-7673
-1233
-1413
-7673
-980
-1842
-8052
-1213
-1329
-6935
-1233
-1413
-7673
-980
-1842
-8052
-1297
-1867
-8029
-1233
-1413
-7673
-1297
-1867
-8029
-1233
-1413
-7673
-1461
-1596
-8059
-1213
-1329
-6935
-1363
-1219
-7668
-1363
-1219
-7668
-1233
-1413
-7673
-1363
-1219
-7668
-1461
-1596
-8059
-1329
-1133
-6948
-1363
-1219
-7668
-1160
-967
-7678
-1363
-1219
-7668
-1363
-1219
-7668
-1364
-1333
-8068
-1160
-967
-7678
-1364
-1333
-8068
-1015
-1242
-7943
-1364
-1333
-8068
-1015
-1242
-7943
-1194
-1338
-8190
912
-1593
-8059
1181
-2117
-8191
1181
-2117
-8191
980
-1842
-8052
980
-1842
-8052
912
-1593
-8059
1181
-2117
-8191
1461
-1596
-8059
1461
-1596
-8059
1297
-1867
-8029
1297
-1867
-8029
1181
-2117
-8191
912
-1593
-8059
1194
-1338
-8190
1194
-1338
-8190
1181
-2117
-8191
1194
-1338
-8190
1461
-1596
-8059
1364
-1333
-8068
1461
-1596
-8059
1194
-1338
-8190
1364
-1333
-8068
959
-1478
-8190
1194
-1338
-8190
912
-1593
-8059
959
-1478
-8190
-523
-3706
4623
-477
-3580
4105
-523
-3706
4623
0
-3829
4906
0
-3829
4906
0
-3418
4588
0
-3418
4588
-523
-3706
4623
-425
-3925
4737
0
-3829
4906
-523
-3706
4623
-425
-3925
4737
-425
-3925
4737
0
-4222
4901
0
-4222
4901
0
-3829
4906
0
-3418
4588
-477
-3580
4105
-590
-3887
4750
-425
-3925
4737
0
-3178
4098
-477
-3580
4105
0
-3418
4588
0
-3178
4098
0
-3117
3730
-477
-3580
4105
0
-3178
4098
0
-3117
3730
-590
-3887
4750
-448
-4206
4734
-448
-4206
4734
-425
-3925
4737
-448
-4206
4734
0
-4222
4901
-686
-4150
4624
-448
-4206
4734
-448
-4206
4734
-130
-4533
4727
-130
-4533
4727
0
-4222
4901
-415
-3422
3316
-477
-3580
4105
0
-3117
3730
-415
-3422
3316
0
-3053
3070
-415
-3422
3316
0
-3117
3730
0
-3053
3070
-415
-3422
3316
-680
-3797
3261
-680
-3797
3261
-477
-3580
4105
-680
-3797
3261
-718
-3859
4082
-680
-3797
3261
-781
-4213
3321
-781
-4213
3321
-718
-3859
4082
-584
-4184
2782
-781
-4213
3321
-680
-3797
3261
-584
-4184
2782
-781
-4213
3321
-724
-4297
4063
-584
-4184
2782
-645
-4648
3260
-645
-4648
3260
-781
-4213
3321
-645
-4648
3260
-724
-4297
4063
-584
-4184
2782
-455
-4465
2665
-455
-4465
2665
-645
-4648
3260
-645
-4648
3260
-600
-4798
4033
-600
-4798
4033
-724
-4297
4063
-455
-4465
2665
-561
-4863
3163
-561
-4863
3163
-645
-4648
3260
-645
-4648
3260
-550
-4891
4007
-550
-4891
4007
-600
-4798
4033
-561
-4863
3163
-550
-4891
4007
-614
-4772
4110
-724
-4297
4063
-600
-4798
4033
-614
-4772
4110
-252
-4646
2592
-561
-4863
3163
-455
-4465
2665
-252
-4646
2592
-562
-4485
4526
-724
-4297
4063
-614
-4772
4110
-562
-4485
4526
-562
-4485
4526
-765
-4141
4523
-562
-4485
4526
-686
-4150
4624
-562
-4485
4526
-448
-4206
4734
-562
-4485
4526
-130
-4533
4727
-614
-4772
4110
-502
-4892
4509
-502
-4892
4509
-562
-4485
4526
-502
-4892
4509
-130
-4533
4727
-614
-4772
4110
-597
-4871
4194
-597
-4871
4194
-502
-4892
4509
-502
-4892
4509
-128
-4872
4547
-128
-4872
4547
-130
-4533
4727
-597
-4871
4194
-529
-4969
4224
-529
-4969
4224
-502
-4892
4509
-502
-4892
4509
-461
-5058
4413
-461
-5058
4413
-128
-4872
4547
-529
-4969
4224
-461
-5058
4413
-461
-5058
4413
-109
-5050
4468
-109
-5050
4468
-128
-4872
4547
-529
-4969
4224
-447
-5008
4139
-447
-5008
4139
-461
-5058
4413
-461
-5058
4413
-345
-5233
4177
-345
-5233
4177
-109
-5050
4468
-447
-5008
4139
-345
-5233
4177
-345
-5233
4177
0
-5195
4357
0
-5195
4357
-109
-5050
4468
-447
-5008
4139
-413
-5030
4077
-413
-5030
4077
-345
-5233
4177
-345
-5233
4177
-117
-5458
4157
-117
-5458
4157
0
-5195
4357
-413
-5030
4077
-489
-5165
3317
-489
-5165
3317
-345
-5233
4177
-489
-5165
3317
-117
-5458
4157
-413
-5030
4077
-480
-4993
4043
-480
-4993
4043
-489
-5165
3317
-550
-4891
4007
-489
-5165
3317
-480
-4993
4043
-550
-4891
4007
-561
-4863
3163
-489
-5165
3317
-489
-5165
3317
-292
-5477
3205
-292
-5477
3205
-117
-5458
4157
-561
-4863
3163
-228
-4872
2819
-228
-4872
2819
-489
-5165
3317
-228
-4872
2819
-292
-5477
3205
-252
-4646
2592
-228
-4872
2819
-292
-5477
3205
-98
-5743
4051
-98
-5743
4051
-117
-5458
4157
-252
-4646
2592
0
-4822
2802
0
-4822
2802
-228
-4872
2819
0
-4694
2574
0
-4822
2802
-252
-4646
2592
0
-4694
2574
0
-4822
2802
-292
-5477
3205
0
-4822
2802
0
-5852
3156
0
-5852
3156
-292
-5477
3205
-292
-5477
3205
-262
-5825
3296
-262
-5825
3296
-98
-5743
4051
0
-5852
3156
-262
-5825
3296
-262
-5825
3296
-99
-6020
3971
-99
-6020
3971
-98
-5743
4051
0
-5852
3156
-332
-6226
3308
-332
-6226
3308
-262
-5825
3296
-332
-6226
3308
-99
-6020
3971
0
-5852
3156
-42
-6375
3223
-42
-6375
3223
-332
-6226
3308
-332
-6226
3308
-290
-6429
3519
-290
-6429
3519
-99
-6020
3971
-42
-6375
3223
-290
-6429
3519
-290
-6429
3519
-88
-6433
3913
-88
-6433
3913
-99
-6020
3971
-35
-6664
3445
-290
-6429
3519
-42
-6375
3223
-35
-6664
3445
-290
-6429
3519
-169
-6600
3727
-169
-6600
3727
-88
-6433
3913
-63
-6597
3868
-88
-6433
3913
-169
-6600
3727
-63
-6597
3868
-50
-6661
3811
-63
-6597
3868
-169
-6600
3727
-50
-6661
3811
0
-6720
3756
-50
-6661
3811
-169
-6600
3727
0
-6720
3756
-25
-6726
3682
0
-6720
3756
-169
-6600
3727
-25
-6726
3682
-35
-6664
3445
-25
-6726
3682
-169
-6600
3727
-35
-6664
3445
-290
-6429
3519
-231
-6614
3562
-231
-6614
3562
-169
-6600
3727
-231
-6614
3562
-35
-6664
3445
1015
-1242
-7943
1194
-1338
-8190
959
-1478
-8190
1015
-1242
-7943
1015
-1242
-7943
1364
-1333
-8068
1160
-967
-7678
1364
-1333
-8068
1015
-1242
-7943
1160
-967
-7678
1363
-1219
-7668
1364
-1333
-8068
1160
-967
-7678
1363
-1219
-7668
1363
-1219
-7668
1461
-1596
-8059
1160
-967
-7678
1329
-1133
-6948
1329
-1133
-6948
1363
-1219
-7668
1204
-940
-6937
1329
-1133
-6948
1233
-1413
-7673
1461
-1596
-8059
1363
-1219
-7668
1233
-1413
-7673
1233
-1413
-7673
1297
-1867
-8029
1329
-1133
-6948
1213
-1329
-6935
1213
-1329
-6935
1363
-1219
-7668
1213
-1329
-6935
1233
-1413
-7673
1213
-1329
-6935
990
-1301
-7670
990
-1301
-7670
1233
-1413
-7673
1233
-1413
-7673
980
-1842
-8052
980
-1842
-8052
1297
-1867
-8029
990
-1301
-7670
980
-1842
-8052
990
-1301
-7670
912
-1593
-8059
912
-1593
-8059
1015
-1242
-7943
990
-1301
-7670
1015
-1242
-7943
990
-1301
-7670
1160
-967
-7678
990
-1301
-7670
996
-977
-6943
996
-977
-6943
1160
-967
-7678
990
-1301
-7670
974
-1211
-6943
974
-1211
-6943
996
-977
-6943
1213
-1329
-6935
974
-1211
-6943
974
-1211
-6943
948
-968
-5555
948
-968
-5555
996
-977
-6943
914
-1254
-5555
948
-968
-5555
974
-1211
-6943
914
-1254
-5555
1213
-1329
-6935
914
-1254
-5555
1335
-1159
-5556
1213
-1329
-6935
1329
-1133
-6948
1335
-1159
-5556
1204
-940
-6937
1335
-1159
-5556
1186
-1400
-5556
914
-1254
-5555
1213
-1329
-6935
1186
-1400
-5556
1335
-1159
-5556
1186
-1400
-5556
1177
-935
-5556
1335
-1159
-5556
1204
-940
-6937
1177
-935
-5556
1186
-1400
-5556
1225
-1605
-5118
1225
-1605
-5118
914
-1254
-5555
1335
-1159
-5556
1442
-1169
-5057
1442
-1169
-5057
1186
-1400
-5556
1177
-935
-5556
1442
-1169
-5057
1442
-1169
-5057
1225
-1605
-5118
996
-977
-6943
1177
-935
-5556
1204
-940
-6937
996
-977
-6943
1144
-869
-7647
996
-977
-6943
1183
-811
-7772
1171
-900
-7779
1171
-900
-7779
1144
-869
-7647
1144
-869
-7647
1183
-811
-7772
1171
-900
-7779
1160
-967
-7678
1144
-869
-7647
1171
-900
-7779
1160
-967
-7678
1144
-869
-7647
948
-968
-5555
1177
-935
-5556
948
-968
-5555
1261
-739
-5060
1261
-739
-5060
1177
-935
-5556
1261
-739
-5060
1442
-1169
-5057
796
-828
-5054
1261
-739
-5060
948
-968
-5555
796
-828
-5054
796
-828
-5054
1227
-757
-4572
1227
-757
-4572
1261
-739
-5060
1227
-757
-4572
1442
-1169
-5057
822
-845
-4554
1227
-757
-4572
796
-828
-5054
822
-845
-4554
822
-845
-4554
741
-850
-3907
741
-850
-3907
1227
-757
-4572
1227
-757
-4572
1434
-1168
-4088
1434
-1168
-4088
1442
-1169
-5057
741
-850
-3907
1176
-700
-3798
1176
-700
-3798
1227
-757
-4572
1176
-700
-3798
1434
-1168
-4088
686
-821
-3281
1176
-700
-3798
741
-850
-3907
686
-821
-3281
1434
-1168
-4088
1318
-1549
-4154
1318
-1549
-4154
1442
-1169
-5057
1318
-1549
-4154
1225
-1605
-5118
1014
-574
-3067
1176
-700
-3798
686
-821
-3281
1014
-574
-3067
686
-821
-3281
491
-744
-2888
491
-744
-2888
1014
-574
-3067
491
-744
-2888
969
-332
-2635
969
-332
-2635
1014
-574
-3067
1014
-574
-3067
1445
-682
-2968
1445
-682
-2968
1176
-700
-3798
969
-332
-2635
1445
-682
-2968
969
-332
-2635
1482
-528
-2371
1482
-528
-2371
1445
-682
-2968
1445
-682
-2968
1588
-1139
-2841
1588
-1139
-2841
1176
-700
-3798
1482
-528
-2371
1588
-1139
-2841
1588
-1139
-2841
1434
-1168
-4088
1482
-528
-2371
1645
-1129
-2110
1645
-1129
-2110
1588
-1139
-2841
1645
-1129
-2110
1470
-1769
-2343
1470
-1769
-2343
1588
-1139
-2841
1588
-1139
-2841
1421
-1680
-2970
1421
-1680
-2970
1434
-1168
-4088
1470
-1769
-2343
1421
-1680
-2970
1421
-1680
-2970
1318
-1549
-4154
1470
-1769
-2343
1210
-2028
-2410
1210
-2028
-2410
1421
-1680
-2970
1210
-2028
-2410
995
-1842
-3085
995
-1842
-3085
1421
-1680
-2970
995
-1842
-3085
1318
-1549
-4154
1210
-2028
-2410
885
-1933
-2787
885
-1933
-2787
995
-1842
-3085
885
-1933
-2787
406
-2140
-2697
406
-2140
-2697
995
-1842
-3085
995
-1842
-3085
1034
-1662
-4221
1034
-1662
-4221
1318
-1549
-4154
1034
-1662
-4221
1225
-1605
-5118
406
-2140
-2697
569
-1473
-3351
569
-1473
-3351
995
-1842
-3085
569
-1473
-3351
1034
-1662
-4221
426
-1238
-2974
569
-1473
-3351
406
-2140
-2697
426
-1238
-2974
1034
-1662
-4221
776
-1330
-4336
776
-1330
-4336
1225
-1605
-5118
569
-1473
-3351
776
-1330
-4336
776
-1330
-4336
720
-1370
-5090
720
-1370
-5090
1225
-1605
-5118
720
-1370
-5090
914
-1254
-5555
720
-1370
-5090
948
-968
-5555
720
-1370
-5090
796
-828
-5054
776
-1330
-4336
822
-845
-4554
822
-845
-4554
720
-1370
-5090
776
-1330
-4336
741
-850
-3907
569
-1473
-3351
741
-850
-3907
569
-1473
-3351
686
-821
-3281
426
-1238
-2974
686
-821
-3281
426
-1238
-2974
491
-744
-2888
0
6419
-899
-27
6433
-889
-27
6433
-889
0
6471
-911
0
6471
-911
0
6419
-899
0
6419
-899
0
6468
-660
0
6468
-660
-27
6433
-889
0
6468
-660
-98
6532
-733
-98
6532
-733
-27
6433
-889
-98
6532
-733
0
6471
-911
0
6665
-663
0
6471
-911
-98
6532
-733
0
6665
-663
0
6468
-660
-162
6590
-437
-162
6590
-437
-98
6532
-733
-162
6590
-437
0
6665
-663
0
6479
-414
-162
6590
-437
0
6468
-660
0
6479
-414
0
6726
-410
0
6665
-663
-162
6590
-437
0
6726
-410
0
6479
-414
0
6423
-232
0
6423
-232
-162
6590
-437
-162
6590
-437
0
6687
-38
0
6687
-38
0
6726
-410
0
6423
-232
-245
6495
-12
-245
6495
-12
-162
6590
-437
-245
6495
-12
0
6687
-38
0
6423
-232
-365
6301
286
-365
6301
286
-245
6495
-12
-365
6301
286
0
6687
-38
0
6298
542
0
6687
-38
-365
6301
286
0
6298
542
-666
6114
436
0
6298
542
-365
6301
286
-666
6114
436
-666
6114
436
-804
5659
755
-804
5659
755
0
6298
542
-804
5659
755
0
5654
1105
0
5654
1105
0
6298
542
-804
5659
755
0
5206
1356
0
5206
1356
0
5654
1105
-365
6301
286
-1042
5985
-166
-1042
5985
-166
-666
6114
436
-1042
5985
-166
-804
5659
755
0
6423
-232
-522
6327
-503
-522
6327
-503
-365
6301
286
-522
6327
-503
-1042
5985
-166
-1060
5212
990
0
5206
1356
-804
5659
755
-1060
5212
990
-1042
5985
-166
-1478
5301
374
-1478
5301
374
-804
5659
755
-1478
5301
374
-1060
5212
990
-1060
5212
990
-1110
4663
1122
-1110
4663
1122
0
5206
1356
-1110
4663
1122
0
4587
1496
0
4587
1496
0
5206
1356
-1478
5301
374
-1617
4608
551
-1617
4608
551
-1060
5212
990
-1617
4608
551
-1110
4663
1122
-1110
4663
1122
-938
3922
1045
-938
3922
1045
0
4587
1496
-1617
4608
551
-938
3922
1045
-938
3922
1045
0
3679
1416
0
3679
1416
0
4587
1496
-1556
5283
-18
-1617
4608
551
-1478
5301
374
-1556
5283
-18
-1042
5985
-166
-1556
5283
-18
-861
2725
807
0
3679
1416
-938
3922
1045
-861
2725
807
0
2648
1239
0
3679
1416
-861
2725
807
0
2648
1239
-861
2725
807
0
1559
1111
0
1559
1111
0
2648
1239
-1617
4608
551
-1636
3655
163
-1636
3655
163
-938
3922
1045
-1636
3655
163
-861
2725
807
-1769
4591
-85
-1617
4608
551
-1556
5283
-18
-1769
4591
-85
-1769
4591
-85
-1636
3655
163
-861
2725
807
-913
1327
587
-913
1327
587
0
1559
1111
-913
1327
587
0
708
1043
0
708
1043
0
1559
1111
-1462
2630
-22
-861
2725
807
-1636
3655
163
-1462
2630
-22
-1462
2630
-22
-913
1327
587
-1769
4591
-85
-1857
3611
-451
-1857
3611
-451
-1636
3655
163
-1857
3611
-451
-1462
2630
-22
-1556
5283
-18
-1369
5736
-941
-1369
5736
-941
-1769
4591
-85
-1042
5985
-166
-1369
5736
-941
-1769
4591
-85
-1816
4514
-803
-1816
4514
-803
-1857
3611
-451
-1369
5736
-941
-1816
4514
-803
-1672
2602
-748
-1462
2630
-22
-1857
3611
-451
-1672
2602
-748
-1042
5985
-166
-980
6060
-1260
-980
6060
-1260
-1369
5736
-941
-522
6327
-503
-980
6060
-1260
-1672
2602
-748
-1476
1278
-236
-1476
1278
-236
-1462
2630
-22
-1476
1278
-236
-913
1327
587
-1768
3406
-1181
-1672
2602
-748
-1857
3611
-451
-1768
3406
-1181
-1816
4514
-803
-1768
3406
-1181
-1476
1278
-236
-880
631
475
-880
631
475
-913
1327
587
-880
631
475
0
708
1043
-1672
2602
-748
-1755
1182
-1196
-1755
1182
-1196
-1476
1278
-236
-880
631
475
-861
83
687
-861
83
687
0
708
1043
-861
83
687
0
120
1073
0
120
1073
0
708
1043
-1476
1278
-236
-1377
418
-221
-1377
418
-221
-880
631
475
-1755
1182
-1196
-1377
418
-221
-880
631
475
-1376
0
-2
-1376
0
-2
-861
83
687
-1377
418
-221
-1376
0
-2
-861
83
687
-851
-903
971
-851
-903
971
0
120
1073
-851
-903
971
0
-888
1289
0
-888
1289
0
120
1073
-1376
0
-2
-1358
-958
347
-1358
-958
347
-861
83
687
-1358
-958
347
-851
-903
971
-851
-903
971
-695
-1907
913
-695
-1907
913
0
-888
1289
-1358
-958
347
-695
-1907
913
-695
-1907
913
0
-1881
1348
0
-1881
1348
0
-888
1289
-695
-1907
913
0
-2193
1372
0
-2193
1372
0
-1881
1348
-1376
0
-2
-1626
-1007
-431
-1626
-1007
-431
-1358
-958
347
-798
-2345
654
0
-2193
1372
-695
-1907
913
-798
-2345
654
-1184
-1943
84
-695
-1907
913
-1358
-958
347
-1184
-1943
84
-1184
-1943
84
-798
-2345
654
-1626
-1007
-431
-1184
-1943
84
-798
-2345
654
-588
-2722
977
-588
-2722
977
0
-2193
1372
-588
-2722
977
0
-2541
1574
0
-2541
1574
0
-2193
1372
-1184
-1943
84
-1083
-2774
-206
-1083
-2774
-206
-798
-2345
654
-1083
-2774
-206
-588
-2722
977
-588
-2722
977
-492
-3120
1547
-492
-3120
1547
0
-2541
1574
-492
-3120
1547
0
-2821
1967
0
-2821
1967
0
-2541
1574
-732
-3528
943
-588
-2722
977
-1083
-2774
-206
-732
-3528
943
-732
-3528
943
-492
-3120
1547
-1494
-1978
-684
-1083
-2774
-206
-1184
-1943
84
-1494
-1978
-684
-1626
-1007
-431
-1494
-1978
-684
-492
-3120
1547
-414
-3262
2413
-414
-3262
2413
0
-2821
1967
-414
-3262
2413
0
-2968
2582
0
-2968
2582
0
-2821
1967
-414
-3262
2413
0
-3053
3070
0
-3053
3070
0
-2968
2582
-414
-3262
2413
-415
-3422
3316
-414
-3262
2413
-680
-3797
3261
-492
-3120
1547
-646
-3783
2090
-646
-3783
2090
-414
-3262
2413
-646
-3783
2090
-680
-3797
3261
-732
-3528
943
-646
-3783
2090
-646
-3783
2090
-584
-4184
2782
-646
-3783
2090
-575
-4138
1844
-575
-4138
1844
-584
-4184
2782
-732
-3528
943
-575
-4138
1844
-575
-4138
1844
-455
-4465
2665
-732
-3528
943
-662
-3784
429
-662
-3784
429
-575
-4138
1844
-1083
-2774
-206
-662
-3784
429
-575
-4138
1844
-465
-4397
1618
-465
-4397
1618
-455
-4465
2665
-662
-3784
429
-465
-4397
1618
-465
-4397
1618
-252
-4646
2592
-984
-2967
-951
-662
-3784
429
-1083
-2774
-206
-984
-2967
-951
-1494
-1978
-684
-984
-2967
-951
-662
-3784
429
-552
-3994
-80
-552
-3994
-80
-465
-4397
1618
-984
-2967
-951
-552
-3994
-80
-244
-4556
1471
-252
-4646
2592
-465
-4397
1618
-244
-4556
1471
-552
-3994
-80
-244
-4556
1471
-244
-4556
1471
0
-4694
2574
0
-4598
1444
0
-4694
2574
-244
-4556
1471
0
-4598
1444
-244
-4556
1471
-308
-4110
-409
-308
-4110
-409
0
-4598
1444
-552
-3994
-80
-308
-4110
-409
-308
-4110
-409
0
-4139
-433
0
-4139
-433
0
-4598
1444
-984
-2967
-951
-752
-3120
-1708
-752
-3120
-1708
-552
-3994
-80
-752
-3120
-1708
-308
-4110
-409
-372
-3193
-2108
0
-4139
-433
-308
-4110
-409
-372
-3193
-2108
-752
-3120
-1708
-372
-3193
-2108
0
-3212
-2131
0
-4139
-433
-372
-3193
-2108
0
-3212
-2131
-372
-3193
-2108
0
-2172
-2703
0
-2172
-2703
0
-3212
-2131
-984
-2967
-951
-1267
-2398
-1694
-1267
-2398
-1694
-752
-3120
-1708
-1494
-1978
-684
-1267
-2398
-1694
-798
-2452
-2264
-372
-3193
-2108
-752
-3120
-1708
-798
-2452
-2264
-1267
-2398
-1694
-798
-2452
-2264
-372
-3193
-2108
-407
-2140
-2697
-407
-2140
-2697
0
-2172
-2703
-798
-2452
-2264
-407
-2140
-2697
-407
-2140
-2697
0
-1241
-2957
0
-1241
-2957
0
-2172
-2703
-798
-2452
-2264
-885
-1933
-2787
-426
-1238
-2974
0
-1241
-2957
-798
-2452
-2264
-1210
-2028
-2410
-1267
-2398
-1694
-1210
-2028
-2410
-426
-1238
-2974
0
-739
-2914
0
-739
-2914
0
-1241
-2957
-491
-744
-2888
0
-739
-2914
-491
-744
-2888
0
623
-3028
0
623
-3028
0
-739
-2914
-1267
-2398
-1694
-1594
-1891
-1462
-1594
-1891
-1462
-1210
-2028
-2410
-1494
-1978
-684
-1594
-1891
-1462
-1594
-1891
-1462
-1470
-1769
-2343
-1594
-1891
-1462
-1645
-1129
-2110
-1494
-1978
-684
-1744
-1046
-1168
-1744
-1046
-1168
-1594
-1891
-1462
-1744
-1046
-1168
-1645
-1129
-2110
-1626
-1007
-431
-1744
-1046
-1168
-1773
-327
-1597
-1645
-1129
-2110
-1744
-1046
-1168
-1773
-327
-1597
-1773
-327
-1597
-1477
-528
-2371
-1656
-116
-683
-1744
-1046
-1168
-1626
-1007
-431
-1656
-116
-683
-1656
-116
-683
-1773
-327
-1597
-1376
0
-2
-1656
-116
-683
-1377
418
-221
-1656
-116
-683
-1538
20
-1977
-1477
-528
-2371
-1773
-327
-1597
-1538
20
-1977
-1377
418
-221
-1637
237
-1139
-1637
237
-1139
-1656
-116
-683
-1637
237
-1139
-1773
-327
-1597
-1637
237
-1139
-1538
20
-1977
-1755
1182
-1196
-1637
237
-1139
-1538
20
-1977
-969
-332
-2635
-1718
917
-2036
-1637
237
-1139
-1755
1182
-1196
-1718
917
-2036
-1718
917
-2036
-1538
20
-1977
-1538
20
-1977
-1262
854
-2611
-1262
854
-2611
-969
-332
-2635
-1718
917
-2036
-1262
854
-2611
-1755
1182
-1196
-1601
2591
-1547
-1601
2591
-1547
-1718
917
-2036
-1672
2602
-748
-1601
2591
-1547
-1768
3406
-1181
-1601
2591
-1547
-1718
917
-2036
-1143
2016
-2458
-1143
2016
-2458
-1262
854
-2611
-1601
2591
-1547
-1143
2016
-2458
-563
659
-2997
-969
-332
-2635
-1262
854
-2611
-563
659
-2997
-563
659
-2997
-491
-744
-2888
-563
659
-2997
0
623
-3028
-563
659
-2997
0
2009
-2954
0
2009
-2954
0
623
-3028
-1262
854
-2611
-572
2009
-2921
-572
2009
-2921
-563
659
-2997
-572
2009
-2921
0
2009
-2954
-1143
2016
-2458
-572
2009
-2921
-572
2009
-2921
-476
2721
-2633
-476
2721
-2633
0
2009
-2954
-1143
2016
-2458
-476
2721
-2633
-476
2721
-2633
0
2808
-2619
0
2808
-2619
0
2009
-2954
-1601
2591
-1547
-1087
2936
-2093
-1087
2936
-2093
-1143
2016
-2458
-1087
2936
-2093
-476
2721
-2633
-1768
3406
-1181
-1087
2936
-2093
-370
3490
-2150
0
2808
-2619
-476
2721
-2633
-370
3490
-2150
0
3569
-2176
0
2808
-2619
-370
3490
-2150
0
3569
-2176
-1768
3406
-1181
-1743
3706
-1577
-37
4283
-1957
0
3569
-2176
-1768
3406
-1181
-1716
4449
-1430
-37
4283
-1957
0
4286
-1898
0
4286
-1898
0
3569
-2176
-1816
4514
-803
-1716
4449
-1430
-37
4283
-1957
0
5013
-1934
0
5013
-1934
0
4286
-1898
-323
5045
-2150
0
5013
-1934
-323
5045
-2150
0
5415
-1754
0
5415
-1754
0
5013
-1934
-1522
5337
-1295
-1716
4449
-1430
-1816
4514
-803
-1522
5337
-1295
-1522
5337
-1295
-1550
5040
-1715
-1369
5736
-941
-1522
5337
-1295
-1029
5684
-1735
-1550
5040
-1715
-1522
5337
-1295
-1029
5684
-1735
-1369
5736
-941
-1029
5684
-1735
-1029
5684
-1735
-1017
5358
-2120
-980
6060
-1260
-1029
5684
-1735
-1017
5358
-2120
-416
5628
-1809
-416
5628
-1809
-323
5045
-2150
-1029
5684
-1735
-416
5628
-1809
-416
5628
-1809
0
5415
-1754
-980
6060
-1260
-416
5628
-1809
-223
5939
-1295
0
5415
-1754
-416
5628
-1809
-223
5939
-1295
-980
6060
-1260
-223
5939
-1295
-522
6327
-503
-223
5939
-1295
-522
6327
-503
0
6193
-902
0
6193
-902
-223
5939
-1295
-522
6327
-503
0
6348
-537
0
6348
-537
0
6193
-902
0
6423
-232
0
6348
-537
0
6423
-232
245
6495
-12
245
6495
-12
515
6207
361
515
6207
361
0
6423
-232
0
6423
-232
162
6590
-437
162
6590
-437
245
6495
-12
0
6479
-414
162
6590
-437
0
6468
-660
162
6590
-437
0
6423
-232
522
6327
-503
522
6327
-503
0
6348
-537
522
6327
-503
0
6193
-902
162
6590
-437
0
6687
-38
0
6687
-38
245
6495
-12
162
6590
-437
0
6726
-410
0
6298
542
245
6495
-12
0
6298
542
515
6207
361
515
6207
361
522
6327
-503
162
6590
-437
0
6665
-663
0
6298
542
804
5659
755
804
5659
755
515
6207
361
0
5654
1105
804
5659
755
98
6532
-733
0
6665
-663
162
6590
-437
98
6532
-733
0
6468
-660
98
6532
-733
98
6532
-733
0
6471
-911
27
6433
-889
0
6471
-911
98
6532
-733
27
6433
-889
0
6468
-660
27
6433
-889
0
6419
-899
27
6433
-889
0
5206
1356
804
5659
755
804
5659
755
1042
5985
-166
1042
5985
-166
515
6207
361
1042
5985
-166
522
6327
-503
0
5206
1356
1060
5212
990
1060
5212
990
804
5659
755
804
5659
755
1478
5300
374
1478
5300
374
1042
5985
-166
1060
5212
990
1478
5300
374
0
5206
1356
1110
4663
1122
1110
4663
1122
1060
5212
990
0
4587
1496
1110
4663
1122
1060
5212
990
1617
4608
551
1617
4608
551
1478
5300
374
1110
4663
1122
1617
4608
551
0
4587
1496
941
3924
1044
941
3924
1044
1110
4663
1122
941
3924
1044
1617
4608
551
0
3679
1416
941
3924
1044
1617
4608
551
1556
5283
-18
1556
5283
-18
1478
5300
374
1556
5283
-18
1042
5985
-166
0
3679
1416
863
2730
806
863
2730
806
941
3924
1044
0
2648
1239
863
2730
806
0
1559
1111
863
2730
806
941
3924
1044
1638
3662
166
1638
3662
166
1617
4608
551
863
2730
806
1638
3662
166
1769
4591
-85
1556
5283
-18
1617
4608
551
1769
4591
-85
1638
3662
166
1769
4591
-85
0
1559
1111
913
1327
587
913
1327
587
863
2730
806
0
708
1043
913
1327
587
863
2730
806
1456
2628
-11
1456
2628
-11
1638
3662
166
913
1327
587
1456
2628
-11
1638
3662
166
1858
3614
-448
1858
3614
-448
1769
4591
-85
1456
2628
-11
1858
3614
-448
1769
4591
-85
1369
5737
-942
1369
5737
-942
1556
5283
-18
1369
5737
-942
1042
5985
-166
1858
3614
-448
1816
4514
-803
1816
4514
-803
1769
4591
-85
1816
4514
-803
1369
5737
-942
1369
5737
-942
980
6060
-1260
980
6060
-1260
1042
5985
-166
980
6060
-1260
522
6327
-503
1816
4514
-803
1522
5338
-1295
1522
5338
-1295
1369
5737
-942
980
6060
-1260
447
6065
-1268
447
6065
-1268
522
6327
-503
447
6065
-1268
0
6193
-902
447
6065
-1268
-223
5939
-1295
1369
5737
-942
1029
5684
-1735
1029
5684
-1735
980
6060
-1260
1029
5684
-1735
447
6065
-1268
1522
5338
-1295
1029
5684
-1735
447
6065
-1268
416
5628
-1809
416
5628
-1809
-223
5939
-1295
1029
5684
-1735
416
5628
-1809
416
5628
-1809
0
5415
-1754
1550
5040
-1715
1029
5684
-1735
1522
5338
-1295
1550
5040
-1715
1017
5358
-2120
1029
5684
-1735
1017
5358
-2120
416
5628
-1809
1522
5338
-1295
1716
4449
-1430
1816
4514
-803
1716
4449
-1430
323
5045
-2150
416
5628
-1809
323
5045
-2150
0
5415
-1754
323
5045
-2150
0
5013
-1934
37
4283
-1957
0
5013
-1934
37
4283
-1957
0
4286
-1898
37
4283
-1957
0
3569
-2176
370
3490
-2150
0
3569
-2176
370
3490
-2150
0
2808
-2619
370
3490
-2150
476
2721
-2633
476
2721
-2633
0
2808
-2619
476
2721
-2633
0
2009
-2954
1087
2936
-2093
476
2721
-2633
572
2009
-2921
0
2009
-2954
476
2721
-2633
572
2009
-2921
1143
2016
-2458
476
2721
-2633
1087
2936
-2093
1143
2016
-2458
1143
2016
-2458
572
2009
-2921
572
2009
-2921
563
659
-2997
563
659
-2997
0
2009
-2954
563
659
-2997
0
623
-3028
1143
2016
-2458
1261
851
-2612
1261
851
-2612
572
2009
-2921
1261
851
-2612
563
659
-2997
563
659
-2997
491
-744
-2888
491
-744
-2888
0
623
-3028
491
-744
-2888
0
-739
-2914
563
659
-2997
969
-332
-2635
1261
851
-2612
969
-332
-2635
426
-1238
-2974
0
-739
-2914
426
-1238
-2974
0
-1241
-2957
406
-2140
-2697
0
-1241
-2957
406
-2140
-2697
0
-2172
-2703
1261
851
-2612
1538
20
-1977
1538
20
-1977
969
-332
-2635
1538
20
-1977
1482
-528
-2371
406
-2140
-2697
372
-3193
-2108
372
-3193
-2108
0
-2172
-2703
372
-3193
-2108
0
-3212
-2131
372
-3193
-2108
0
-4139
-433
796
-2452
-2264
372
-3193
-2108
406
-2140
-2697
796
-2452
-2264
885
-1933
-2787
796
-2452
-2264
1210
-2028
-2410
796
-2452
-2264
372
-3193
-2108
308
-4110
-409
308
-4110
-409
0
-4139
-433
308
-4110
-409
0
-4598
1444
752
-3120
-1708
372
-3193
-2108
796
-2452
-2264
752
-3120
-1708
752
-3120
-1708
308
-4110
-409
1267
-2398
-1694
796
-2452
-2264
1210
-2028
-2410
1267
-2398
-1694
1267
-2398
-1694
752
-3120
-1708
308
-4110
-409
244
-4556
1471
244
-4556
1471
0
-4598
1444
244
-4556
1471
0
-4694
2574
252
-4646
2592
0
-4694
2574
244
-4556
1471
252
-4646
2592
752
-3120
-1708
552
-3994
-80
552
-3994
-80
308
-4110
-409
552
-3994
-80
244
-4556
1471
465
-4397
1618
252
-4646
2592
244
-4556
1471
465
-4397
1618
552
-3994
-80
465
-4397
1618
455
-4465
2665
252
-4646
2592
465
-4397
1618
455
-4465
2665
984
-2967
-951
552
-3994
-80
752
-3120
-1708
984
-2967
-951
1267
-2398
-1694
984
-2967
-951
552
-3994
-80
662
-3784
429
662
-3784
429
465
-4397
1618
984
-2967
-951
662
-3784
429
575
-4138
1844
455
-4465
2665
465
-4397
1618
575
-4138
1844
662
-3784
429
575
-4138
1844
584
-4184
2782
455
-4465
2665
575
-4138
1844
584
-4184
2782
1083
-2774
-206
662
-3784
429
984
-2967
-951
1083
-2774
-206
575
-4138
1844
646
-3783
2090
646
-3783
2090
584
-4184
2782
646
-3783
2090
680
-3767
3261
680
-3767
3261
584
-4184
2782
662
-3784
429
732
-3528
943
732
-3528
943
575
-4138
1844
732
-3528
943
646
-3783
2090
1083
-2774
-206
732
-3528
943
646
-3783
2090
548
-3415
2303
548
-3415
2303
680
-3767
3261
548
-3415
2303
534
-3498
3325
534
-3498
3325
680
-3767
3261
732
-3528
943
634
-3230
1198
634
-3230
1198
646
-3783
2090
634
-3230
1198
548
-3415
2303
1083
-2774
-206
877
-2606
495
877
-2606
495
732
-3528
943
877
-2606
495
634
-3230
1198
281
-3128
2592
534
-3498
3325
548
-3415
2303
281
-3128
2592
286
-3220
3323
534
-3498
3325
281
-3128
2592
286
-3220
3323
281
-3128
2592
0
-3053
3070
0
-3053
3070
286
-3220
3323
281
-3128
2592
0
-2968
2582
281
-3128
2592
0
-2821
1967
548
-3415
2303
358
-2946
1600
358
-2946
1600
281
-3128
2592
634
-3230
1198
358
-2946
1600
358
-2946
1600
0
-2821
1967
358
-2946
1600
0
-2541
1574
634
-3230
1198
476
-2580
1158
476
-2580
1158
358
-2946
1600
476
-2580
1158
0
-2541
1574
877
-2606
495
476
-2580
1158
476
-2580
1158
0
-2193
1372
476
-2580
1158
0
-1881
1348
695
-1907
913
0
-1881
1348
476
-2580
1158
695
-1907
913
877
-2606
495
695
-1907
913
695
-1907
913
0
-888
1289
877
-2606
495
1184
-1943
84
1184
-1943
84
695
-1907
913
1083
-2774
-206
1184
-1943
84
851
-903
971
0
-888
1289
695
-1907
913
851
-903
971
851
-903
971
0
120
1073
1358
-958
347
695
-1907
913
1184
-1943
84
1358
-958
347
1358
-958
347
851
-903
971
861
83
687
0
120
1073
851
-903
971
861
83
687
1358
-958
347
861
83
687
861
83
687
0
708
1043
1184
-1943
84
1626
-1007
-431
1626
-1007
-431
1358
-958
347
861
83
687
880
631
475
880
631
475
0
708
1043
880
631
475
913
1327
587
1376
0
-2
861
83
687
1358
-958
347
1376
0
-2
1376
0
-2
880
631
475
1626
-1007
-431
1376
0
-2
880
631
475
1461
1180
-235
1461
1180
-235
913
1327
587
1461
1180
-235
1456
2628
-11
1377
418
-221
880
631
475
1376
0
-2
1377
418
-221
1377
418
-221
1461
1180
-235
1656
-116
-683
1376
0
-2
1626
-1007
-431
1656
-116
-683
1656
-116
-683
1377
418
-221
1461
1180
-235
1687
2600
-775
1687
2600
-775
1456
2628
-11
1687
2600
-775
1858
3614
-448
1377
418
-221
1754
1135
-1211
1754
1135
-1211
1461
1180
-235
1754
1135
-1211
1687
2600
-775
1687
2600
-775
1768
3406
-1181
1768
3406
-1181
1858
3614
-448
1768
3406
-1181
1816
4514
-803
1768
3406
-1181
1716
4449
-1430
1768
3406
-1181
1743
3706
-1577
1768
3406
-1181
1087
2936
-2093
1687
2600
-775
1614
2582
-1539
1614
2582
-1539
1768
3406
-1181
1614
2582
-1539
1087
2936
-2093
1754
1135
-1211
1614
2582
-1539
1614
2582
-1539
1143
2016
-2458
1614
2582
-1539
1715
905
-2042
1715
905
-2042
1143
2016
-2458
1754
1135
-1211
1715
905
-2042
1715
905
-2042
1261
851
-2612
1715
905
-2042
1538
20
-1977
1637
237
-1139
1715
905
-2042
1754
1135
-1211
1637
237
-1139
1637
237
-1139
1538
20
-1977
1377
418
-221
1637
237
-1139
1656
-116
-683
1637
237
-1139
1637
237
-1139
1773
-327
-1597
1773
-327
-1597
1538
20
-1977
1656
-116
-683
1773
-327
-1597
1773
-327
-1597
1482
-528
-2371
1773
-327
-1597
1645
-1129
-2110
1656
-116
-683
1744
-1046
-1168
1744
-1046
-1168
1773
-327
-1597
1744
-1046
-1168
1645
-1129
-2110
1626
-1007
-431
1744
-1046
-1168
1744
-1046
-1168
1595
-1891
-1462
1595
-1891
-1462
1645
-1129
-2110
1595
-1891
-1462
1470
-1769
-2343
1595
-1891
-1462
1210
-2028
-2410
1595
-1891
-1462
1267
-2398
-1694
1626
-1007
-431
1494
-1978
-684
1494
-1978
-684
1744
-1046
-1168
1494
-1978
-684
1595
-1891
-1462
1494
-1978
-684
1267
-2398
-1694
1184
-1943
84
1494
-1978
-684
1494
-1978
-684
984
-2967
-951
1083
-2774
-206
1494
-1978
-684
0
-3117
3730
286
-3220
3323
0
-3117
3730
477
-3405
4105
477
-3405
4105
286
-3220
3323
0
-3178
4098
477
-3405
4105
0
-3418
4588
477
-3405
4105
477
-3405
4105
534
-3498
3325
0
-3418
4588
526
-3607
4614
526
-3607
4614
477
-3405
4105
718
-3749
4082
534
-3498
3325
718
-3749
4082
680
-3767
3261
718
-3749
4082
785
-4190
3254
785
-4190
3254
680
-3767
3261
785
-4190
3254
584
-4184
2782
724
-4257
4063
785
-4190
3254
785
-4190
3254
645
-4645
3260
645
-4645
3260
584
-4184
2782
724
-4257
4063
645
-4645
3260
645
-4645
3260
455
-4465
2665
600
-4798
4033
645
-4645
3260
724
-4257
4063
600
-4798
4033
724
-4257
4063
614
-4772
4110
614
-4772
4110
600
-4798
4033
550
-4891
4007
645
-4645
3260
600
-4798
4033
550
-4891
4007
724
-4257
4063
540
-4574
4544
540
-4574
4544
614
-4772
4110
789
-4106
4561
540
-4574
4544
710
-4128
4659
540
-4574
4544
540
-4574
4544
597
-4871
4194
597
-4871
4194
614
-4772
4110
645
-4645
3260
562
-4853
3231
562
-4853
3231
455
-4465
2665
550
-4891
4007
562
-4853
3231
562
-4853
3231
252
-4646
2592
550
-4891
4007
489
-5165
3317
489
-5165
3317
562
-4853
3231
550
-4891
4007
480
-4993
4043
480
-4993
4043
489
-5165
3317
413
-5030
4077
489
-5165
3317
480
-4993
4043
413
-5030
4077
562
-4853
3231
228
-4872
2819
228
-4872
2819
252
-4646
2592
489
-5165
3317
228
-4872
2819
252
-4646
2592
0
-4822
2802
228
-4872
2819
0
-4822
2802
292
-5477
3205
0
-4822
2802
228
-4872
2819
292
-5477
3205
489
-5165
3317
292
-5477
3205
292
-5477
3205
0
-5852
3156
413
-5030
4077
247
-5227
4254
247
-5227
4254
489
-5165
3317
447
-5008
4139
247
-5227
4254
413
-5030
4077
447
-5008
4139
489
-5165
3317
235
-5464
4072
235
-5464
4072
292
-5477
3205
247
-5227
4254
235
-5464
4072
423
-5064
4447
247
-5227
4254
447
-5008
4139
423
-5064
4447
447
-5008
4139
537
-4962
4206
537
-4962
4206
423
-5064
4447
597
-4871
4194
423
-5064
4447
537
-4962
4206
597
-4871
4194
247
-5227
4254
-117
-5458
4157
-117
-5458
4157
235
-5464
4072
247
-5227
4254
0
-5195
4357
-98
-5743
4051
235
-5464
4072
247
-5227
4254
-109
-5050
4468
423
-5064
4447
-109
-5050
4468
-98
-5743
4051
197
-5748
3980
197
-5748
3980
235
-5464
4072
197
-5748
3980
292
-5477
3205
-99
-6020
3971
197
-5748
3980
379
-4884
4535
-109
-5050
4468
423
-5064
4447
379
-4884
4535
597
-4871
4194
379
-4884
4535
379
-4884
4535
-128
-4872
4547
540
-4574
4544
379
-4884
4535
379
-4884
4535
-130
-4533
4727
540
-4574
4544
-130
-4533
4727
540
-4574
4544
268
-4252
4831
268
-4252
4831
-130
-4533
4727
710
-4128
4659
268
-4252
4831
268
-4252
4831
0
-4222
4901
540
-3882
4715
268
-4252
4831
268
-4252
4831
0
-3829
4906
302
-3779
4806
268
-4252
4831
540
-3882
4715
302
-3779
4806
302
-3779
4806
0
-3829
4906
302
-3779
4806
0
-3418
4588
526
-3607
4614
302
-3779
4806
262
-5825
3296
292
-5477
3205
197
-5748
3980
262
-5825
3296
262
-5825
3296
0
-5852
3156
172
-6329
3250
0
-5852
3156
262
-5825
3296
172
-6329
3250
197
-5748
3980
198
-6020
3916
198
-6020
3916
262
-5825
3296
198
-6020
3916
172
-6329
3250
-99
-6020
3971
198
-6020
3916
-88
-6433
3913
198
-6020
3916
172
-6329
3250
-42
-6375
3223
-88
-6433
3913
175
-6500
3867
175
-6500
3867
198
-6020
3916
-63
-6597
3868
175
-6500
3867
198
-6020
3916
293
-6432
3511
293
-6432
3511
172
-6329
3250
175
-6500
3867
293
-6432
3511
131
-6656
3502
-42
-6375
3223
172
-6329
3250
131
-6656
3502
131
-6656
3502
-35
-6664
3445
293
-6432
3511
131
-6656
3502
131
-6656
3502
-25
-6726
3682
293
-6432
3511
231
-6614
3562
231
-6614
3562
131
-6656
3502
51
-6713
3681
-25
-6726
3682
131
-6656
3502
51
-6713
3681
51
-6713
3681
0
-6720
3756
231
-6614
3562
169
-6600
3727
169
-6600
3727
131
-6656
3502
293
-6432
3511
169
-6600
3727
169
-6600
3727
51
-6713
3681
175
-6500
3867
169
-6600
3727
56
-6699
3741
0
-6720
3756
51
-6713
3681
56
-6699
3741
169
-6600
3727
56
-6699
3741
101
-6664
3789
0
-6720
3756
56
-6699
3741
101
-6664
3789
169
-6600
3727
101
-6664
3789
101
-6664
3789
-50
-6661
3811
127
-6606
3841
169
-6600
3727
175
-6500
3867
127
-6606
3841
127
-6606
3841
101
-6664
3789
127
-6606
3841
-50
-6661
3811
-63
-6597
3868
127
-6606
3841
-1021
4693
-8190
-1350
4402
-8190
-1350
4402
-8190
-1004
3874
-8190
-1021
4693
-8190
-1004
3874
-8190
-1021
4693
-8190
-664
4401
-8190
-664
4401
-8190
-1004
3874
-8190
1350
4402
-8190
1021
4693
-8190
1004
3874
-8190
1350
4402
-8190
1004
3874
-8190
1021
4693
-8190
1004
3874
-8190
664
4401
-8190
664
4401
-8190
1021
4693
-8190
-566
-4948
4101
-440
-4906
3927
-440
-4906
3927
-385
-5013
4055
-385
-5013
4055
-566
-4948
4101
-566
-4948
4101
-551
-4770
3951
-551
-4770
3951
-440
-4906
3927
-566
-4948
4101
-604
-4662
4038
-604
-4662
4038
-551
-4770
3951
-566
-4948
4101
-583
-4671
4267
-583
-4671
4267
-604
-4662
4038
-566
-4948
4101
-537
-4882
4303
-537
-4882
4303
-583
-4671
4267
-508
-4948
4289
-537
-4882
4303
-566
-4948
4101
-508
-4948
4289
-566
-4948
4101
-451
-4997
4249
-451
-4997
4249
-508
-4948
4289
-385
-5013
4055
-451
-4997
4249
-305
-4872
3866
-382
-4981
4148
-382
-4981
4148
-365
-4769
3857
-365
-4769
3857
-305
-4872
3866
-191
-4931
3889
-382
-4981
4148
-305
-4872
3866
-191
-4931
3889
-382
-4981
4148
-512
-4594
4097
-512
-4594
4097
-365
-4769
3857
-191
-4931
3889
-108
-4991
4162
-108
-4991
4162
-382
-4981
4148
-382
-4981
4148
-399
-4776
4323
-399
-4776
4323
-512
-4594
4097
-287
-4880
4343
-382
-4981
4148
-108
-4991
4162
-287
-4880
4343
-361
-4840
4328
-399
-4776
4323
-382
-4981
4148
-361
-4840
4328
-287
-4880
4343
-361
-4840
4328
543
-4847
3946
585
-4721
4111
585
-4721
4111
588
-4911
4117
588
-4911
4117
543
-4847
3946
473
-4924
3949
543
-4847
3946
588
-4911
4117
473
-4924
3949
585
-4721
4111
549
-4812
4259
549
-4812
4259
588
-4911
4117
588
-4911
4117
435
-5001
3977
435
-5001
3977
473
-4924
3949
549
-4812
4259
512
-4881
4298
512
-4881
4298
588
-4911
4117
588
-4911
4117
400
-5033
4166
400
-5033
4166
435
-5001
3977
484
-4932
4298
588
-4911
4117
512
-4881
4298
484
-4932
4298
484
-4932
4298
400
-5033
4166
1439
-2395
8191
1410
-2385
8145
1410
-2385
8145
1606
-2485
8068
1606
-2485
8068
1439
-2395
8191
895
-3521
5390
902
-3278
5290
902
-3278
5290
713
-3301
5336
713
-3301
5336
895
-3521
5390
842
-2146
5642
899
-2169
5666
899
-2169
5666
913
-2179
5616
913
-2179
5616
842
-2146
5642
713
-3301
5336
665
-3569
5262
665
-3569
5262
895
-3521
5390
-1439
-2395
8191
-1606
-2485
8068
-1606
-2485
8068
-1410
-2385
8145
-1410
-2385
8145
-1439
-2395
8191
-895
-3521
5390
-713
-3301
5336
-713
-3301
5336
-902
-3278
5290
-902
-3278
5290
-895
-3521
5390
-842
-2146
5642
-913
-2179
5616
-913
-2179
5616
-899
-2169
5666
-899
-2169
5666
-842
-2146
5642
-895
-3521
5390
-665
-3569
5262
-665
-3569
5262
-713
-3301
5336
902
-3278
5290
796
-3217
5205
796
-3217
5205
713
-3301
5336
1025
-3405
5177
796
-3217
5205
902
-3278
5290
1025
-3405
5177
1025
-3405
5177
740
-3469
4934
740
-3469
4934
796
-3217
5205
740
-3469
4934
580
-3302
5130
580
-3302
5130
796
-3217
5205
740
-3469
4934
509
-3511
4892
509
-3511
4892
580
-3302
5130
509
-3511
4892
453
-3771
5045
453
-3771
5045
580
-3302
5130
580
-3302
5130
732
-2700
5506
732
-2700
5506
796
-3217
5205
732
-2700
5506
856
-2680
5485
856
-2680
5485
796
-3217
5205
839
-2712
5593
796
-3217
5205
856
-2680
5485
839
-2712
5593
839
-2712
5593
713
-3301
5336
842
-2146
5642
856
-2680
5485
732
-2700
5506
842
-2146
5642
913
-2179
5616
856
-2680
5485
913
-2179
5616
839
-2712
5593
899
-2169
5666
839
-2712
5593
839
-2712
5593
842
-2146
5642
732
-2700
5506
839
-2712
5593
732
-2700
5506
713
-3301
5336
580
-3302
5130
713
-3301
5336
580
-3302
5130
665
-3569
5262
453
-3771
5045
665
-3569
5262
1607
-2759
5935
1541
-2543
6026
1541
-2543
6026
1770
-2763
5935
1770
-2763
5935
1607
-2759
5935
1770
-2763
5935
1494
-2407
6070
1494
-2407
6070
1820
-2682
6104
1820
-2682
6104
1770
-2763
5935
1494
-2407
6070
1727
-2677
6195
1727
-2677
6195
1820
-2682
6104
1494
-2407
6070
1467
-2405
6131
1467
-2405
6131
1727
-2677
6195
1494
-2407
6070
1076
-2211
5927
1076
-2211
5927
1467
-2405
6131
1052
-2211
5931
1076
-2211
5927
1076
-2211
5927
1348
-2356
6046
1348
-2356
6046
1052
-2211
5931
1541
-2543
6026
1348
-2356
6046
1348
-2356
6046
1494
-2407
6070
1494
-2407
6070
1541
-2543
6026
1052
-2211
5931
1467
-2405
6131
1052
-2211
5931
1057
-2226
5942
1057
-2226
5942
1467
-2405
6131
1449
-2463
6113
1057
-2226
5942
1057
-2226
5942
1348
-2356
6046
1348
-2356
6046
1449
-2463
6113
1607
-2759
5935
1449
-2463
6113
1449
-2463
6113
1541
-2543
6026
1467
-2405
6131
1449
-2463
6113
1449
-2463
6113
1727
-2677
6195
1673
-2972
6071
1449
-2463
6113
1607
-2759
5935
1673
-2972
6071
1699
-2856
6216
1449
-2463
6113
1673
-2972
6071
1699
-2856
6216
1699
-2856
6216
1727
-2677
6195
-713
-3301
5336
-796
-3217
5205
-796
-3217
5205
-902
-3278
5290
-1025
-3405
5177
-902
-3278
5290
-796
-3217
5205
-1025
-3405
5177
-796
-3217
5205
-740
-3469
4934
-740
-3469
4934
-1025
-3405
5177
-796
-3217
5205
-580
-3302
5130
-580
-3302
5130
-740
-3469
4934
-580
-3302
5130
-509
-3511
4892
-509
-3511
4892
-740
-3469
4934
-580
-3302
5130
-453
-3771
5045
-453
-3771
5045
-509
-3511
4892
-796
-3217
5205
-732
-2700
5506
-732
-2700
5506
-580
-3302
5130
-856
-2680
5485
-732
-2700
5506
-796
-3217
5205
-856
-2680
5485
-796
-3217
5205
-839
-2712
5593
-839
-2712
5593
-856
-2680
5485
-713
-3301
5336
-839
-2712
5593
-856
-2680
5485
-842
-2146
5642
-842
-2146
5642
-732
-2700
5506
-856
-2680
5485
-913
-2179
5616
-839
-2712
5593
-913
-2179
5616
-839
-2712
5593
-899
-2169
5666
-842
-2146
5642
-839
-2712
5593
-839
-2712
5593
-732
-2700
5506
-713
-3301
5336
-732
-2700
5506
-713
-3301
5336
-580
-3302
5130
-665
-3569
5262
-580
-3302
5130
-665
-3569
5262
-453
-3771
5045
-1607
-2759
5935
-1770
-2763
5935
-1770
-2763
5935
-1541
-2543
6026
-1541
-2543
6026
-1607
-2759
5935
-1770
-2763
5935
-1820
-2682
6104
-1820
-2682
6104
-1494
-2407
6070
-1494
-2407
6070
-1770
-2763
5935
-1820
-2682
6104
-1727
-2677
6195
-1727
-2677
6195
-1494
-2407
6070
-1727
-2677
6195
-1467
-2405
6131
-1467
-2405
6131
-1494
-2407
6070
-1467
-2405
6131
-1057
-2226
5942
-1057
-2226
5942
-1052
-2211
5931
-1052
-2211
5931
-1467
-2405
6131
-1076
-2211
5927
-1467
-2405
6131
-1052
-2211
5931
-1076
-2211
5927
-1494
-2407
6070
-1076
-2211
5927
-1076
-2211
5927
-1348
-2356
6046
-1348
-2356
6046
-1494
-2407
6070
-1541
-2543
6026
-1494
-2407
6070
-1348
-2356
6046
-1541
-2543
6026
-1052
-2211
5931
-1348
-2356
6046
-1727
-2677
6195
-1449
-2463
6113
-1449
-2463
6113
-1467
-2405
6131
-1699
-2856
6216
-1449
-2463
6113
-1727
-2677
6195
-1699
-2856
6216
-1699
-2856
6216
-1673
-2972
6071
-1673
-2972
6071
-1449
-2463
6113
-1673
-2972
6071
-1607
-2759
5935
-1607
-2759
5935
-1449
-2463
6113
-1449
-2463
6113
-1057
-2226
5942
-1541
-2543
6026
-1449
-2463
6113
-1348
-2356
6046
-1449
-2463
6113
-1348
-2356
6046
-1057
-2226
5942
-378
-4246
4667
-420
-4033
4671
-420
-4033
4671
-418
-4192
4594
-418
-4192
4594
-378
-4246
4667
-129
-4238
4757
-378
-4246
4667
-378
-4246
4667
-167
-4324
4677
-167
-4324
4677
-129
-4238
4757
-129
-4238
4757
-420
-4033
4671
-463
-4055
4824
-420
-4033
4671
-129
-4238
4757
-463
-4055
4824
-571
-3960
4762
-420
-4033
4671
-463
-4055
4824
-571
-3960
4762
-129
-4238
4757
-300
-4043
4900
-300
-4043
4900
-463
-4055
4824
-129
-4238
4757
-70
-4134
4809
-70
-4134
4809
-300
-4043
4900
-70
-4134
4809
-190
-3907
4891
-190
-3907
4891
-300
-4043
4900
-70
-4134
4809
82
-4022
4802
82
-4022
4802
-190
-3907
4891
88
-3929
4764
-190
-3907
4891
82
-4022
4802
88
-3929
4764
-177
-3790
4817
-190
-3907
4891
88
-3929
4764
-177
-3790
4817
-83
-3820
4608
-177
-3790
4817
88
-3929
4764
-83
-3820
4608
-251
-3715
4703
-177
-3790
4817
-83
-3820
4608
-251
-3715
4703
-167
-3872
4497
-251
-3715
4703
-83
-3820
4608
-167
-3872
4497
-459
-3747
4631
-251
-3715
4703
-167
-3872
4497
-459
-3747
4631
-571
-3960
4762
-459
-3747
4631
-459
-3747
4631
-420
-4033
4671
-167
-3872
4497
-420
-4033
4671
-420
-4033
4671
-400
-4173
4550
-400
-4173
4550
-418
-4192
4594
-167
-3872
4497
-400
-4173
4550
-167
-3872
4497
-245
-4065
4443
-245
-4065
4443
-400
-4173
4550
-245
-4065
4443
-259
-4166
4432
-259
-4166
4432
-400
-4173
4550
-1410
-2385
8145
-1464
-2364
8182
-1464
-2364
8182
-1439
-2395
8191
-1546
-2395
8187
-1439
-2395
8191
-1464
-2364
8182
-1546
-2395
8187
-1546
-2395
8187
-1606
-2485
8068
-1464
-2364
8182
-1638
-2391
8088
-1638
-2391
8088
-1546
-2395
8187
-1410
-2385
8145
-1638
-2391
8088
-1638
-2391
8088
-1626
-2451
8128
-1626
-2451
8128
-1546
-2395
8187
-1626
-2451
8128
-1606
-2485
8068
-1644
-2428
8020
-1638
-2391
8088
-1410
-2385
8145
-1644
-2428
8020
-1606
-2485
8068
-1644
-2428
8020
-1759
-2603
7860
-1644
-2428
8020
-1606
-2485
8068
-1759
-2603
7860
-1821
-2481
7892
-1626
-2451
8128
-1638
-2391
8088
-1821
-2481
7892
-1644
-2428
8020
-1821
-2481
7892
-1836
-2575
7910
-1606
-2485
8068
-1626
-2451
8128
-1836
-2575
7910
-1821
-2481
7892
-1836
-2575
7910
-1836
-2575
7910
-1759
-2603
7860
-1753
-2507
7845
-1821
-2481
7892
-1644
-2428
8020
-1753
-2507
7845
-1759
-2603
7860
-1753
-2507
7845
-1962
-2603
7622
-1836
-2575
7910
-1821
-2481
7892
-1962
-2603
7622
-1753
-2507
7845
-1962
-2603
7622
-2005
-2729
7597
-1759
-2603
7860
-1836
-2575
7910
-2005
-2729
7597
-1962
-2603
7622
-2005
-2729
7597
-1894
-2745
7562
-1759
-2603
7860
-2005
-2729
7597
-1894
-2745
7562
-1759
-2603
7860
-1846
-2620
7596
-1846
-2620
7596
-1753
-2507
7845
-1846
-2620
7596
-1962
-2603
7622
-1894
-2745
7562
-1846
-2620
7596
-2007
-2742
6890
-1894
-2745
7562
-2005
-2729
7597
-2007
-2742
6890
-1860
-2765
6845
-1894
-2745
7562
-2007
-2742
6890
-1860
-2765
6845
-1962
-2603
7622
-2028
-2574
7211
-2028
-2574
7211
-2005
-2729
7597
-2028
-2574
7211
-2007
-2742
6890
-1846
-2620
7596
-2028
-2574
7211
-1846
-2620
7596
-1832
-2624
7176
-1832
-2624
7176
-2028
-2574
7211
-2028
-2574
7211
-2015
-2575
6941
-2015
-2575
6941
-2007
-2742
6890
-1894
-2745
7562
-1832
-2624
7176
-2000
-2486
7064
-2015
-2575
6941
-2028
-2574
7211
-2000
-2486
7064
-1978
-2488
7205
-2000
-2486
7064
-2028
-2574
7211
-1978
-2488
7205
-2000
-2486
7064
-1917
-2464
6960
-1917
-2464
6960
-2015
-2575
6941
-1917
-2464
6960
-1916
-2508
6873
-1916
-2508
6873
-2015
-2575
6941
-1860
-2765
6845
-1832
-2624
7176
-1860
-2765
6845
-1814
-2513
6934
-1814
-2513
6934
-1791
-2530
7039
-1791
-2530
7039
-1860
-2765
6845
-1791
-2530
7039
-1832
-2624
7176
-1791
-2530
7039
-1835
-2504
7182
-1835
-2504
7182
-1832
-2624
7176
-1978
-2488
7205
-1832
-2624
7176
-1835
-2504
7182
-1978
-2488
7205
1606
-2485
8068
1546
-2395
8187
1546
-2395
8187
1439
-2395
8191
1464
-2364
8182
1439
-2395
8191
1546
-2395
8187
1464
-2364
8182
1464
-2364
8182
1410
-2385
8145
1546
-2395
8187
1638
-2391
8088
1638
-2391
8088
1464
-2364
8182
1638
-2391
8088
1410
-2385
8145
1546
-2395
8187
1626
-2451
8128
1626
-2451
8128
1638
-2391
8088
1606
-2485
8068
1626
-2451
8128
1638
-2391
8088
1644
-2428
8020
1644
-2428
8020
1410
-2385
8145
1644
-2428
8020
1606
-2485
8068
1644
-2428
8020
1759
-2603
7860
1759
-2603
7860
1606
-2485
8068
1626
-2451
8128
1821
-2481
7892
1821
-2481
7892
1638
-2391
8088
1821
-2481
7892
1644
-2428
8020
1606
-2485
8068
1836
-2575
7910
1836
-2575
7910
1626
-2451
8128
1836
-2575
7910
1821
-2481
7892
1759
-2603
7860
1836
-2575
7910
1753
-2507
7845
1644
-2428
8020
1821
-2481
7892
1753
-2507
7845
1753
-2507
7845
1759
-2603
7860
1836
-2575
7910
1962
-2603
7622
1962
-2603
7622
1821
-2481
7892
1962
-2603
7622
1753
-2507
7845
1759
-2603
7860
2005
-2729
7597
2005
-2729
7597
1836
-2575
7910
2005
-2729
7597
1962
-2603
7622
1759
-2603
7860
1894
-2745
7562
1894
-2745
7562
2005
-2729
7597
1846
-2620
7596
1759
-2603
7860
1753
-2507
7845
1846
-2620
7596
1962
-2603
7622
1846
-2620
7596
1846
-2620
7596
1894
-2745
7562
1894
-2745
7562
2007
-2742
6890
2007
-2742
6890
2005
-2729
7597
1894
-2745
7562
1860
-2765
6845
1860
-2765
6845
2007
-2742
6890
2005
-2729
7597
2028
-2574
7211
2028
-2574
7211
1962
-2603
7622
2007
-2742
6890
2028
-2574
7211
2028
-2574
7211
1846
-2620
7596
2028
-2574
7211
1832
-2624
7176
1832
-2624
7176
1846
-2620
7596
2007
-2742
6890
2015
-2575
6941
2015
-2575
6941
2028
-2574
7211
1832
-2624
7176
1894
-2745
7562
2000
-2486
7064
2028
-2574
7211
2015
-2575
6941
2000
-2486
7064
1978
-2488
7205
2028
-2574
7211
2000
-2486
7064
1978
-2488
7205
2015
-2575
6941
1917
-2464
6960
1917
-2464
6960
2000
-2486
7064
2015
-2575
6941
1916
-2508
6873
1916
-2508
6873
1917
-2464
6960
1832
-2624
7176
1860
-2765
6845
1860
-2765
6845
1791
-2530
7039
1791
-2530
7039
1814
-2513
6934
1814
-2513
6934
1860
-2765
6845
1832
-2624
7176
1791
-2530
7039
1832
-2624
7176
1835
-2504
7182
1835
-2504
7182
1791
-2530
7039
1832
-2624
7176
1978
-2488
7205
1978
-2488
7205
1835
-2504
7182
1799
-2567
6569
1775
-2606
6341
1775
-2606
6341
1758
-2750
6542
1758
-2750
6542
1799
-2567
6569
1758
-2750
6542
1771
-2544
6789
1771
-2544
6789
1799
-2567
6569
-1799
-2567
6569
-1758
-2750
6542
-1758
-2750
6542
-1775
-2606
6341
-1775
-2606
6341
-1799
-2567
6569
-1799
-2567
6569
-1771
-2544
6789
-1771
-2544
6789
-1758
-2750
6542
453
-3771
5045
177
-3790
4817
177
-3790
4817
190
-3907
4891
190
-3907
4891
453
-3771
5045
453
-3771
5045
251
-3715
4703
251
-3715
4703
177
-3790
4817
509
-3511
4892
251
-3715
4703
509
-3511
4892
598
-3671
4760
598
-3671
4760
251
-3715
4703
598
-3671
4760
481
-3767
4635
481
-3767
4635
251
-3715
4703
740
-3469
4934
598
-3671
4760
598
-3671
4760
571
-3960
4762
571
-3960
4762
481
-3767
4635
598
-3671
4760
629
-3823
4970
629
-3823
4970
571
-3960
4762
740
-3469
4934
629
-3823
4970
629
-3823
4970
463
-4055
4824
463
-4055
4824
571
-3960
4762
819
-3682
5152
629
-3823
4970
740
-3469
4934
819
-3682
5152
1025
-3405
5177
819
-3682
5152
453
-3771
5045
463
-4055
4824
629
-3823
4970
453
-3771
5045
300
-4043
4900
463
-4055
4824
453
-3771
5045
300
-4043
4900
190
-3907
4891
300
-4043
4900
629
-3823
4970
665
-3569
5262
819
-3682
5152
665
-3569
5262
819
-3682
5152
895
-3521
5390
819
-3682
5152
1005
-3584
5309
1005
-3584
5309
895
-3521
5390
1025
-3405
5177
1005
-3584
5309
1005
-3584
5309
1303
-3228
5729
1303
-3228
5729
895
-3521
5390
1410
-3212
5578
1005
-3584
5309
1025
-3405
5177
1410
-3212
5578
1410
-3212
5578
1303
-3228
5729
902
-3278
5290
1410
-3212
5578
1410
-3212
5578
1673
-2972
6071
1673
-2972
6071
1303
-3228
5729
1303
-3228
5729
902
-3278
5290
1303
-3228
5729
1345
-3053
5606
1345
-3053
5606
902
-3278
5290
1345
-3053
5606
1410
-3212
5578
1673
-2972
6071
1345
-3053
5606
1607
-2759
5935
1345
-3053
5606
1607
-2759
5935
1534
-2943
5784
1534
-2943
5784
1345
-3053
5606
1534
-2943
5784
1410
-3212
5578
1770
-2763
5935
1534
-2943
5784
1534
-2943
5784
1842
-2927
5960
1842
-2927
5960
1410
-3212
5578
1770
-2763
5935
1842
-2927
5960
1842
-2927
5960
1673
-2972
6071
1820
-2682
6104
1842
-2927
5960
1673
-2972
6071
1782
-2866
6353
1782
-2866
6353
1699
-2856
6216
1947
-2799
6260
1673
-2972
6071
1842
-2927
5960
1947
-2799
6260
1947
-2799
6260
1782
-2866
6353
1820
-2682
6104
1947
-2799
6260
1947
-2799
6260
1758
-2750
6542
1758
-2750
6542
1782
-2866
6353
1820
-2682
6104
1891
-2575
6387
1891
-2575
6387
1947
-2799
6260
2026
-2679
6675
1758
-2750
6542
1947
-2799
6260
2026
-2679
6675
1891
-2575
6387
2026
-2679
6675
2026
-2679
6675
1860
-2765
6845
1860
-2765
6845
1758
-2750
6542
2026
-2679
6675
2007
-2742
6890
1820
-2682
6104
1775
-2606
6341
1775
-2606
6341
1891
-2575
6387
1906
-2561
6588
2026
-2679
6675
1891
-2575
6387
1906
-2561
6588
1727
-2677
6195
1775
-2606
6341
2026
-2679
6675
2015
-2575
6941
1906
-2561
6588
1898
-2541
6743
1898
-2541
6743
2026
-2679
6675
1898
-2541
6743
2015
-2575
6941
1898
-2541
6743
1916
-2508
6873
1898
-2541
6743
1771
-2544
6789
1771
-2544
6789
1916
-2508
6873
1771
-2544
6789
1917
-2464
6960
1814
-2513
6934
1917
-2464
6960
1771
-2544
6789
1814
-2513
6934
1771
-2544
6789
1860
-2765
6845
1775
-2606
6341
1782
-2866
6353
1727
-2677
6195
1782
-2866
6353
463
-4055
4824
420
-4033
4671
420
-4033
4671
571
-3960
4762
300
-4043
4900
129
-4238
4757
129
-4238
4757
463
-4055
4824
129
-4238
4757
420
-4033
4671
418
-4192
4594
420
-4033
4671
420
-4033
4671
378
-4246
4667
378
-4246
4667
418
-4192
4594
129
-4238
4757
167
-4324
4677
167
-4324
4677
378
-4246
4667
378
-4246
4667
129
-4238
4757
70
-4134
4809
129
-4238
4757
300
-4043
4900
70
-4134
4809
190
-3907
4891
70
-4134
4809
190
-3907
4891
-82
-4022
4802
-82
-4022
4802
70
-4134
4809
190
-3907
4891
-88
-3929
4764
-88
-3929
4764
-82
-4022
4802
177
-3790
4817
-88
-3929
4764
177
-3790
4817
83
-3820
4608
83
-3820
4608
-88
-3929
4764
251
-3715
4703
83
-3820
4608
251
-3715
4703
167
-3872
4497
167
-3872
4497
83
-3820
4608
481
-3767
4635
167
-3872
4497
420
-4033
4671
481
-3767
4635
420
-4033
4671
167
-3872
4497
420
-4033
4671
400
-4173
4550
400
-4173
4550
167
-3872
4497
418
-4192
4594
400
-4173
4550
400
-4173
4550
245
-4065
4443
245
-4065
4443
167
-3872
4497
400
-4173
4550
259
-4166
4432
259
-4166
4432
245
-4065
4443
1475
-1517
7697
1585
-1696
7602
1585
-1696
7602
1522
-1460
7623
1522
-1460
7623
1475
-1517
7697
1585
-1696
7602
1631
-1643
7501
1631
-1643
7501
1522
-1460
7623
1794
-2213
7286
1631
-1643
7501
1585
-1696
7602
1794
-2213
7286
867
-1257
7877
848
-1276
7895
848
-1276
7895
1158
-1321
7838
1158
-1321
7838
867
-1257
7877
1162
-1291
7805
867
-1257
7877
1158
-1321
7838
1162
-1291
7805
1158
-1321
7838
1475
-1517
7697
1475
-1517
7697
1162
-1291
7805
1522
-1460
7623
1162
-1291
7805
1797
-2181
7177
1631
-1643
7501
1794
-2213
7286
1797
-2181
7177
1978
-2488
7205
1797
-2181
7177
1794
-2213
7286
1978
-2488
7205
2000
-2486
7064
1797
-2181
7177
1794
-2213
7286
1835
-2504
7182
1794
-2213
7286
1797
-2181
7177
1797
-2181
7177
1835
-2504
7182
1835
-2504
7182
1794
-2213
7286
1835
-2504
7182
1797
-2181
7177
1797
-2181
7177
1791
-2530
7039
1917
-2464
6960
1797
-2181
7177
1814
-2513
6934
1797
-2181
7177
-453
-3771
5045
-190
-3907
4891
-177
-3790
4817
-453
-3771
5045
-251
-3715
4703
-453
-3771
5045
-251
-3715
4703
-509
-3511
4892
-251
-3715
4703
-598
-3671
4760
-598
-3671
4760
-509
-3511
4892
-459
-3747
4631
-598
-3671
4760
-598
-3671
4760
-740
-3469
4934
-571
-3960
4762
-598
-3671
4760
-571
-3960
4762
-629
-3823
4970
-629
-3823
4970
-598
-3671
4760
-629
-3823
4970
-740
-3469
4934
-463
-4055
4824
-629
-3823
4970
-819
-3682
5152
-740
-3469
4934
-629
-3823
4970
-819
-3682
5152
-819
-3682
5152
-1025
-3405
5177
-463
-4055
4824
-453
-3771
5045
-453
-3771
5045
-629
-3823
4970
-300
-4043
4900
-453
-3771
5045
-665
-3569
5262
-629
-3823
4970
-665
-3569
5262
-819
-3682
5152
-895
-3521
5390
-819
-3682
5152
-895
-3521
5390
-1005
-3584
5309
-1005
-3584
5309
-819
-3682
5152
-1005
-3584
5309
-1025
-3405
5177
-1303
-3228
5729
-1005
-3584
5309
-895
-3521
5390
-1303
-3228
5729
-1410
-3212
5578
-1025
-3405
5177
-1005
-3584
5309
-1410
-3212
5578
-1303
-3228
5729
-1410
-3212
5578
-1410
-3212
5578
-902
-3278
5290
-1303
-3228
5729
-1673
-2972
6071
-1673
-2972
6071
-1410
-3212
5578
-902
-3278
5290
-1303
-3228
5729
-902
-3278
5290
-1345
-3053
5606
-1345
-3053
5606
-1303
-3228
5729
-1410
-3212
5578
-1345
-3053
5606
-1345
-3053
5606
-1673
-2972
6071
-1345
-3053
5606
-1607
-2759
5935
-1345
-3053
5606
-1534
-2943
5784
-1534
-2943
5784
-1607
-2759
5935
-1410
-3212
5578
-1534
-2943
5784
-1534
-2943
5784
-1770
-2763
5935
-1410
-3212
5578
-1842
-2927
5960
-1842
-2927
5960
-1534
-2943
5784
-1842
-2927
5960
-1770
-2763
5935
-1673
-2972
6071
-1842
-2927
5960
-1842
-2927
5960
-1820
-2682
6104
-1699
-2856
6216
-1782
-2866
6353
-1782
-2866
6353
-1673
-2972
6071
-1673
-2972
6071
-1947
-2799
6260
-1947
-2799
6260
-1842
-2927
5960
-1782
-2866
6353
-1947
-2799
6260
-1947
-2799
6260
-1820
-2682
6104
-1782
-2866
6353
-1758
-2750
6542
-1758
-2750
6542
-1947
-2799
6260
-1947
-2799
6260
-1891
-2575
6387
-1891
-2575
6387
-1820
-2682
6104
-1891
-2575
6387
-1775
-2606
6341
-1775
-2606
6341
-1820
-2682
6104
-1775
-2606
6341
-1727
-2677
6195
-1947
-2799
6260
-2026
-2679
6675
-2026
-2679
6675
-1891
-2575
6387
-1775
-2606
6341
-1782
-2866
6353
-1782
-2866
6353
-1727
-2677
6195
-1758
-2750
6542
-2026
-2679
6675
-2026
-2679
6675
-1906
-2561
6588
-1906
-2561
6588
-1891
-2575
6387
-1758
-2750
6542
-1860
-2765
6845
-1860
-2765
6845
-2026
-2679
6675
-2007
-2742
6890
-2026
-2679
6675
-2026
-2679
6675
-1898
-2541
6743
-1898
-2541
6743
-1906
-2561
6588
-2015
-2575
6941
-2026
-2679
6675
-2015
-2575
6941
-1898
-2541
6743
-1916
-2508
6873
-1898
-2541
6743
-1916
-2508
6873
-1771
-2544
6789
-1771
-2544
6789
-1898
-2541
6743
-1917
-2464
6960
-1771
-2544
6789
-1814
-2513
6934
-1771
-2544
6789
-1917
-2464
6960
-1814
-2513
6934
-1860
-2765
6845
-1771
-2544
6789
-1522
-1460
7623
-1475
-1517
7697
-1475
-1517
7697
-1162
-1291
7805
-1162
-1291
7805
-1522
-1460
7623
-1158
-1321
7838
-1162
-1291
7805
-1475
-1517
7697
-1158
-1321
7838
-1158
-1321
7838
-867
-1257
7877
-867
-1257
7877
-1162
-1291
7805
-1158
-1321
7838
-848
-1276
7895
-848
-1276
7895
-867
-1257
7877
-1522
-1460
7623
-1585
-1696
7602
-1585
-1696
7602
-1475
-1517
7697
-1631
-1643
7501
-1585
-1696
7602
-1522
-1460
7623
-1631
-1643
7501
-1794
-2213
7286
-1797
-2181
7177
-1797
-2181
7177
-1978
-2488
7205
-1978
-2488
7205
-1794
-2213
7286
-1797
-2181
7177
-2000
-2486
7064
-1835
-2504
7182
-1794
-2213
7286
-1797
-2181
7177
-1917
-2464
6960
-1797
-2181
7177
-1814
-2513
6934
-1797
-2181
7177
-1791
-2530
7039
-1835
-2504
7182
-1797
-2181
7177
-1631
-1643
7501
-1797
-2181
7177
-1797
-2181
7177
-1794
-2213
7286
-1794
-2213
7286
-1631
-1643
7501
-1631
-1643
7501
-1794
-2213
7286
-1794
-2213
7286
-1585
-1696
7602
1799
-2567
6569
1891
-2575
6387
1799
-2567
6569
1906
-2561
6588
1799
-2567
6569
1898
-2541
6743
-1891
-2575
6387
-1799
-2567
6569
-1906
-2561
6588
-1799
-2567
6569
-1898
-2541
6743
-1799
-2567
6569
