0
0
8191
2238
0
7879
2238
0
7879
691
2128
7879
691
2128
7879
0
0
8191
2238
0
7879
4306
0
6967
4306
0
6967
2963
2153
7326
2963
2153
7326
2238
0
7879
2963
2153
7326
691
2128
7879
2963
2153
7326
1330
4095
6967
1330
4095
6967
691
2128
7879
4306
0
6967
6046
0
5525
6046
0
5525
5060
2167
6064
5060
2167
6064
4306
0
6967
5060
2167
6064
2963
2153
7326
5060
2167
6064
3625
4143
6064
3625
4143
6064
2963
2153
7326
3625
4143
6064
1330
4095
6967
3625
4143
6064
1868
5750
5525
1868
5750
5525
1330
4095
6967
6046
0
5525
7326
0
3663
7326
0
3663
6738
2128
4142
6738
2128
4142
6046
0
5525
6738
2128
4142
5060
2167
6064
6738
2128
4142
5636
4095
4306
5636
4095
4306
5060
2167
6064
5636
4095
4306
3625
4143
6064
5636
4095
4306
4106
5750
4142
4106
5750
4142
3625
4143
6064
4106
5750
4142
1868
5750
5525
4106
5750
4142
2263
6967
3663
2263
6967
3663
1868
5750
5525
691
2128
7879
-1810
1315
7879
-1810
1315
7879
0
0
8191
1330
4095
6967
-1131
3483
7326
-1131
3483
7326
691
2128
7879
-1131
3483
7326
-1810
1315
7879
-1131
3483
7326
-3483
2531
6967
-3483
2531
6967
-1810
1315
7879
1868
5750
5525
-497
5483
6064
-497
5483
6064
1330
4095
6967
-497
5483
6064
-1131
3483
7326
-497
5483
6064
-2820
4728
6064
-2820
4728
6064
-1131
3483
7326
-2820
4728
6064
-3483
2531
6967
-2820
4728
6064
-4891
3553
5525
-4891
3553
5525
-3483
2531
6967
2263
6967
3663
57
7066
4142
57
7066
4142
1868
5750
5525
57
7066
4142
-497
5483
6064
57
7066
4142
-2153
6626
4306
-2153
6626
4306
-497
5483
6064
-2153
6626
4306
-2820
4728
6064
-2153
6626
4306
-4199
5682
4142
-4199
5682
4142
-2820
4728
6064
-4199
5682
4142
-4891
3553
5525
-4199
5682
4142
-5927
4306
3663
-5927
4306
3663
-4891
3553
5525
-1810
1315
7879
-1810
-1315
7879
-1810
-1315
7879
0
0
8191
-3483
2531
6967
-3663
0
7326
-3663
0
7326
-1810
1315
7879
-3663
0
7326
-1810
-1315
7879
-3663
0
7326
-3483
-2531
6967
-3483
-2531
6967
-1810
-1315
7879
-4891
3553
5525
-5368
1220
6064
-5368
1220
6064
-3483
2531
6967
-5368
1220
6064
-3663
0
7326
-5368
1220
6064
-5368
-1220
6064
-5368
-1220
6064
-3663
0
7326
-5368
-1220
6064
-3483
-2531
6967
-5368
-1220
6064
-4891
-3553
5525
-4891
-3553
5525
-3483
-2531
6967
-5927
4306
3663
-6702
2238
4142
-6702
2238
4142
-4891
3553
5525
-6702
2238
4142
-5368
1220
6064
-6702
2238
4142
-6967
0
4306
-6967
0
4306
-5368
1220
6064
-6967
0
4306
-5368
-1220
6064
-6967
0
4306
-6702
-2238
4142
-6702
-2238
4142
-5368
-1220
6064
-6702
-2238
4142
-4891
-3553
5525
-6702
-2238
4142
-5927
-4306
3663
-5927
-4306
3663
-4891
-3553
5525
-1810
-1315
7879
691
-2128
7879
691
-2128
7879
0
0
8191
-3483
-2531
6967
-1131
-3483
7326
-1131
-3483
7326
-1810
-1315
7879
-1131
-3483
7326
691
-2128
7879
-1131
-3483
7326
1330
-4095
6967
1330
-4095
6967
691
-2128
7879
-4891
-3553
5525
-2820
-4728
6064
-2820
-4728
6064
-3483
-2531
6967
-2820
-4728
6064
-1131
-3483
7326
-2820
-4728
6064
-497
-5483
6064
-497
-5483
6064
-1131
-3483
7326
-497
-5483
6064
1330
-4095
6967
-497
-5483
6064
1868
-5750
5525
1868
-5750
5525
1330
-4095
6967
-5927
-4306
3663
-4199
-5682
4142
-4199
-5682
4142
-4891
-3553
5525
-4199
-5682
4142
-2820
-4728
6064
-4199
-5682
4142
-2153
-6626
4306
-2153
-6626
4306
-2820
-4728
6064
-2153
-6626
4306
-497
-5483
6064
-2153
-6626
4306
57
-7066
4142
57
-7066
4142
-497
-5483
6064
57
-7066
4142
1868
-5750
5525
57
-7066
4142
2263
-6967
3663
2263
-6967
3663
1868
-5750
5525
691
-2128
7879
2238
0
7879
1330
-4095
6967
2963
-2153
7326
2963
-2153
7326
691
-2128
7879
2963
-2153
7326
2238
0
7879
2963
-2153
7326
4306
0
6967
1868
-5750
5525
3625
-4143
6064
3625
-4143
6064
1330
-4095
6967
3625
-4143
6064
2963
-2153
7326
3625
-4143
6064
5060
-2167
6064
5060
-2167
6064
2963
-2153
7326
5060
-2167
6064
4306
0
6967
5060
-2167
6064
6046
0
5525
2263
-6967
3663
4106
-5750
4142
4106
-5750
4142
1868
-5750
5525
4106
-5750
4142
3625
-4143
6064
4106
-5750
4142
5636
-4095
4306
5636
-4095
4306
3625
-4143
6064
5636
-4095
4306
5060
-2167
6064
5636
-4095
4306
6738
-2128
4142
6738
-2128
4142
5060
-2167
6064
6738
-2128
4142
6046
0
5525
6738
-2128
4142
7326
0
3663
7326
0
3663
7857
-1315
1904
7857
-1315
1904
7857
1315
1904
7857
1315
1904
7326
0
3663
7857
-1315
1904
7790
-2531
0
7790
-2531
0
8191
0
0
8191
0
0
7857
-1315
1904
8191
0
0
7857
1315
1904
8191
0
0
7790
2531
0
7790
2531
0
7857
1315
1904
7790
-2531
0
7129
-3553
-1904
7129
-3553
-1904
7825
-1220
-2089
7825
-1220
-2089
7790
-2531
0
7825
-1220
-2089
8191
0
0
7825
-1220
-2089
7825
1220
-2089
7825
1220
-2089
8191
0
0
7825
1220
-2089
7790
2531
0
7825
1220
-2089
7129
3553
-1904
7129
3553
-1904
7790
2531
0
7129
-3553
-1904
5927
-4306
-3663
5927
-4306
-3663
6702
-2238
-4142
6702
-2238
-4142
7129
-3553
-1904
6702
-2238
-4142
7825
-1220
-2089
6702
-2238
-4142
6967
0
-4306
6967
0
-4306
7825
-1220
-2089
6967
0
-4306
7825
1220
-2089
6967
0
-4306
6702
2238
-4142
6702
2238
-4142
7825
1220
-2089
6702
2238
-4142
7129
3553
-1904
6702
2238
-4142
5927
4306
-3663
5927
4306
-3663
7129
3553
-1904
2263
6967
3663
3679
7066
1904
3679
7066
1904
1176
7879
1904
1176
7879
1904
2263
6967
3663
3679
7066
1904
4814
6626
0
4814
6626
0
2531
7790
0
2531
7790
0
3679
7066
1904
2531
7790
0
1176
7879
1904
2531
7790
0
0
8191
0
0
8191
0
1176
7879
1904
4814
6626
0
5583
5682
-1904
5583
5682
-1904
3579
7065
-2089
3579
7065
-2089
4814
6626
0
3579
7065
-2089
2531
7790
0
3579
7065
-2089
1257
7819
-2089
1257
7819
-2089
2531
7790
0
1257
7819
-2089
0
8191
0
1257
7819
-2089
-1176
7879
-1904
-1176
7879
-1904
0
8191
0
5583
5682
-1904
5927
4306
-3663
5927
4306
-3663
4199
5682
-4142
4199
5682
-4142
5583
5682
-1904
4199
5682
-4142
3579
7065
-2089
4199
5682
-4142
2153
6626
-4306
2153
6626
-4306
3579
7065
-2089
2153
6626
-4306
1257
7819
-2089
2153
6626
-4306
-57
7066
-4142
-57
7066
-4142
1257
7819
-2089
-57
7066
-4142
-1176
7879
-1904
-57
7066
-4142
-2263
6967
-3663
-2263
6967
-3663
-1176
7879
-1904
-5927
4306
3663
-5583
5682
1904
-5583
5682
1904
-7129
3553
1904
-7129
3553
1904
-5927
4306
3663
-5583
5682
1904
-4814
6626
0
-4814
6626
0
-6626
4814
0
-6626
4814
0
-5583
5682
1904
-6626
4814
0
-7129
3553
1904
-6626
4814
0
-7790
2531
0
-7790
2531
0
-7129
3553
1904
-4814
6626
0
-3679
7066
-1904
-3679
7066
-1904
-5613
5587
-2089
-5613
5587
-2089
-4814
6626
0
-5613
5587
-2089
-6626
4814
0
-5613
5587
-2089
-7048
3611
-2089
-7048
3611
-2089
-6626
4814
0
-7048
3611
-2089
-7790
2531
0
-7048
3611
-2089
-7857
1315
-1904
-7857
1315
-1904
-7790
2531
0
-3679
7066
-1904
-2263
6967
-3663
-2263
6967
-3663
-4106
5750
-4142
-4106
5750
-4142
-3679
7066
-1904
-4106
5750
-4142
-5613
5587
-2089
-4106
5750
-4142
-5636
4095
-4306
-5636
4095
-4306
-5613
5587
-2089
-5636
4095
-4306
-7048
3611
-2089
-5636
4095
-4306
-6738
2128
-4142
-6738
2128
-4142
-7048
3611
-2089
-6738
2128
-4142
-7857
1315
-1904
-6738
2128
-4142
-7326
0
-3663
-7326
0
-3663
-7857
1315
-1904
-5927
-4306
3663
-7129
-3553
1904
-7129
-3553
1904
-5583
-5682
1904
-5583
-5682
1904
-5927
-4306
3663
-7129
-3553
1904
-7790
-2531
0
-7790
-2531
0
-6626
-4814
0
-6626
-4814
0
-7129
-3553
1904
-6626
-4814
0
-5583
-5682
1904
-6626
-4814
0
-4814
-6626
0
-4814
-6626
0
-5583
-5682
1904
-7790
-2531
0
-7857
-1315
-1904
-7857
-1315
-1904
-7048
-3611
-2089
-7048
-3611
-2089
-7790
-2531
0
-7048
-3611
-2089
-6626
-4814
0
-7048
-3611
-2089
-5613
-5587
-2089
-5613
-5587
-2089
-6626
-4814
0
-5613
-5587
-2089
-4814
-6626
0
-5613
-5587
-2089
-3679
-7066
-1904
-3679
-7066
-1904
-4814
-6626
0
-7857
-1315
-1904
-7326
0
-3663
-7326
0
-3663
-6738
-2128
-4142
-6738
-2128
-4142
-7857
-1315
-1904
-6738
-2128
-4142
-7048
-3611
-2089
-6738
-2128
-4142
-5636
-4095
-4306
-5636
-4095
-4306
-7048
-3611
-2089
-5636
-4095
-4306
-5613
-5587
-2089
-5636
-4095
-4306
-4106
-5750
-4142
-4106
-5750
-4142
-5613
-5587
-2089
-4106
-5750
-4142
-3679
-7066
-1904
-4106
-5750
-4142
-2263
-6967
-3663
-2263
-6967
-3663
-3679
-7066
-1904
2263
-6967
3663
1176
-7879
1904
1176
-7879
1904
3679
-7066
1904
3679
-7066
1904
2263
-6967
3663
1176
-7879
1904
0
-8190
0
0
-8190
0
2531
-7790
0
2531
-7790
0
1176
-7879
1904
2531
-7790
0
3679
-7066
1904
2531
-7790
0
4814
-6626
0
4814
-6626
0
3679
-7066
1904
0
-8190
0
-1176
-7879
-1904
-1176
-7879
-1904
1257
-7819
-2089
1257
-7819
-2089
0
-8190
0
1257
-7819
-2089
2531
-7790
0
1257
-7819
-2089
3579
-7065
-2089
3579
-7065
-2089
2531
-7790
0
3579
-7065
-2089
4814
-6626
0
3579
-7065
-2089
5583
-5682
-1904
5583
-5682
-1904
4814
-6626
0
-1176
-7879
-1904
-2263
-6967
-3663
-2263
-6967
-3663
-57
-7066
-4142
-57
-7066
-4142
-1176
-7879
-1904
-57
-7066
-4142
1257
-7819
-2089
-57
-7066
-4142
2153
-6626
-4306
2153
-6626
-4306
1257
-7819
-2089
2153
-6626
-4306
3579
-7065
-2089
2153
-6626
-4306
4199
-5682
-4142
4199
-5682
-4142
3579
-7065
-2089
4199
-5682
-4142
5583
-5682
-1904
4199
-5682
-4142
5927
-4306
-3663
5927
-4306
-3663
5583
-5682
-1904
5583
5682
-1904
7129
3553
-1904
4814
6626
0
6626
4814
0
6626
4814
0
5583
5682
-1904
6626
4814
0
7129
3553
-1904
6626
4814
0
7790
2531
0
3679
7066
1904
5613
5587
2089
5613
5587
2089
4814
6626
0
5613
5587
2089
6626
4814
0
5613
5587
2089
7048
3611
2089
7048
3611
2089
6626
4814
0
7048
3611
2089
7790
2531
0
7048
3611
2089
7857
1315
1904
4106
5750
4142
3679
7066
1904
4106
5750
4142
5613
5587
2089
5636
4095
4306
5613
5587
2089
5636
4095
4306
7048
3611
2089
6738
2128
4142
7048
3611
2089
6738
2128
4142
7857
1315
1904
-3679
7066
-1904
-1176
7879
-1904
-4814
6626
0
-2531
7790
0
-2531
7790
0
-3679
7066
-1904
-2531
7790
0
-1176
7879
-1904
-2531
7790
0
0
8191
0
-5583
5682
1904
-3579
7065
2089
-3579
7065
2089
-4814
6626
0
-3579
7065
2089
-2531
7790
0
-3579
7065
2089
-1257
7819
2089
-1257
7819
2089
-2531
7790
0
-1257
7819
2089
0
8191
0
-1257
7819
2089
1176
7879
1904
-4199
5682
4142
-5583
5682
1904
-4199
5682
4142
-3579
7065
2089
-2153
6626
4306
-3579
7065
2089
-2153
6626
4306
-1257
7819
2089
57
7066
4142
-1257
7819
2089
57
7066
4142
1176
7879
1904
-7857
-1315
-1904
-7857
1315
-1904
-7790
-2531
0
-8191
0
0
-8191
0
0
-7857
-1315
-1904
-8191
0
0
-7857
1315
-1904
-8191
0
0
-7790
2531
0
-7129
-3553
1904
-7825
-1220
2089
-7825
-1220
2089
-7790
-2531
0
-7825
-1220
2089
-8191
0
0
-7825
-1220
2089
-7825
1220
2089
-7825
1220
2089
-8191
0
0
-7825
1220
2089
-7790
2531
0
-7825
1220
2089
-7129
3553
1904
-6702
-2238
4142
-7129
-3553
1904
-6702
-2238
4142
-7825
-1220
2089
-6967
0
4306
-7825
-1220
2089
-6967
0
4306
-7825
1220
2089
-6702
2238
4142
-7825
1220
2089
-6702
2238
4142
-7129
3553
1904
-1176
-7879
-1904
-3679
-7066
-1904
0
-8190
0
-2531
-7790
0
-2531
-7790
0
-1176
-7879
-1904
-2531
-7790
0
-3679
-7066
-1904
-2531
-7790
0
-4814
-6626
0
1176
-7879
1904
-1257
-7819
2089
-1257
-7819
2089
0
-8190
0
-1257
-7819
2089
-2531
-7790
0
-1257
-7819
2089
-3579
-7065
2089
-3579
-7065
2089
-2531
-7790
0
-3579
-7065
2089
-4814
-6626
0
-3579
-7065
2089
-5583
-5682
1904
57
-7066
4142
1176
-7879
1904
57
-7066
4142
-1257
-7819
2089
-2153
-6626
4306
-1257
-7819
2089
-2153
-6626
4306
-3579
-7065
2089
-4199
-5682
4142
-3579
-7065
2089
-4199
-5682
4142
-5583
-5682
1904
7129
-3553
-1904
5583
-5682
-1904
7790
-2531
0
6626
-4814
0
6626
-4814
0
7129
-3553
-1904
6626
-4814
0
5583
-5682
-1904
6626
-4814
0
4814
-6626
0
7857
-1315
1904
7048
-3611
2089
7048
-3611
2089
7790
-2531
0
7048
-3611
2089
6626
-4814
0
7048
-3611
2089
5613
-5587
2089
5613
-5587
2089
6626
-4814
0
5613
-5587
2089
4814
-6626
0
5613
-5587
2089
3679
-7066
1904
6738
-2128
4142
7857
-1315
1904
6738
-2128
4142
7048
-3611
2089
5636
-4095
4306
7048
-3611
2089
5636
-4095
4306
5613
-5587
2089
4106
-5750
4142
5613
-5587
2089
4106
-5750
4142
3679
-7066
1904
0
0
-8191
-691
2128
-7879
-691
2128
-7879
1810
1315
-7879
1810
1315
-7879
0
0
-8191
-691
2128
-7879
-1330
4095
-6967
-1330
4095
-6967
1131
3483
-7326
1131
3483
-7326
-691
2128
-7879
1131
3483
-7326
1810
1315
-7879
1131
3483
-7326
3483
2531
-6967
3483
2531
-6967
1810
1315
-7879
-1330
4095
-6967
-1868
5750
-5525
-1868
5750
-5525
497
5483
-6064
497
5483
-6064
-1330
4095
-6967
497
5483
-6064
1131
3483
-7326
497
5483
-6064
2820
4728
-6064
2820
4728
-6064
1131
3483
-7326
2820
4728
-6064
3483
2531
-6967
2820
4728
-6064
4891
3553
-5525
4891
3553
-5525
3483
2531
-6967
-1868
5750
-5525
-2263
6967
-3663
-57
7066
-4142
-1868
5750
-5525
-57
7066
-4142
497
5483
-6064
2153
6626
-4306
497
5483
-6064
2153
6626
-4306
2820
4728
-6064
4199
5682
-4142
2820
4728
-6064
4199
5682
-4142
4891
3553
-5525
5927
4306
-3663
4891
3553
-5525
0
0
-8191
-2238
0
-7879
-2238
0
-7879
-691
2128
-7879
-2238
0
-7879
-4306
0
-6967
-4306
0
-6967
-2963
2153
-7326
-2963
2153
-7326
-2238
0
-7879
-2963
2153
-7326
-691
2128
-7879
-2963
2153
-7326
-1330
4095
-6967
-4306
0
-6967
-6046
0
-5525
-6046
0
-5525
-5060
2167
-6064
-5060
2167
-6064
-4306
0
-6967
-5060
2167
-6064
-2963
2153
-7326
-5060
2167
-6064
-3625
4143
-6064
-3625
4143
-6064
-2963
2153
-7326
-3625
4143
-6064
-1330
4095
-6967
-3625
4143
-6064
-1868
5750
-5525
-6046
0
-5525
-7326
0
-3663
-6738
2128
-4142
-6046
0
-5525
-6738
2128
-4142
-5060
2167
-6064
-5636
4095
-4306
-5060
2167
-6064
-5636
4095
-4306
-3625
4143
-6064
-4106
5750
-4142
-3625
4143
-6064
-4106
5750
-4142
-1868
5750
-5525
0
0
-8191
-691
-2128
-7879
-691
-2128
-7879
-2238
0
-7879
-691
-2128
-7879
-1330
-4095
-6967
-1330
-4095
-6967
-2963
-2153
-7326
-2963
-2153
-7326
-691
-2128
-7879
-2963
-2153
-7326
-2238
0
-7879
-2963
-2153
-7326
-4306
0
-6967
-1330
-4095
-6967
-1868
-5750
-5525
-1868
-5750
-5525
-3625
-4143
-6064
-3625
-4143
-6064
-1330
-4095
-6967
-3625
-4143
-6064
-2963
-2153
-7326
-3625
-4143
-6064
-5060
-2167
-6064
-5060
-2167
-6064
-2963
-2153
-7326
-5060
-2167
-6064
-4306
0
-6967
-5060
-2167
-6064
-6046
0
-5525
-1868
-5750
-5525
-2263
-6967
-3663
-4106
-5750
-4142
-1868
-5750
-5525
-4106
-5750
-4142
-3625
-4143
-6064
-5636
-4095
-4306
-3625
-4143
-6064
-5636
-4095
-4306
-5060
-2167
-6064
-6738
-2128
-4142
-5060
-2167
-6064
-6738
-2128
-4142
-6046
0
-5525
0
0
-8191
1810
-1315
-7879
1810
-1315
-7879
-691
-2128
-7879
1810
-1315
-7879
3483
-2531
-6967
3483
-2531
-6967
1131
-3483
-7326
1131
-3483
-7326
1810
-1315
-7879
1131
-3483
-7326
-691
-2128
-7879
1131
-3483
-7326
-1330
-4095
-6967
3483
-2531
-6967
4891
-3553
-5525
4891
-3553
-5525
2820
-4728
-6064
2820
-4728
-6064
3483
-2531
-6967
2820
-4728
-6064
1131
-3483
-7326
2820
-4728
-6064
497
-5483
-6064
497
-5483
-6064
1131
-3483
-7326
497
-5483
-6064
-1330
-4095
-6967
497
-5483
-6064
-1868
-5750
-5525
4891
-3553
-5525
5927
-4306
-3663
4199
-5682
-4142
4891
-3553
-5525
4199
-5682
-4142
2820
-4728
-6064
2153
-6626
-4306
2820
-4728
-6064
2153
-6626
-4306
497
-5483
-6064
-57
-7066
-4142
497
-5483
-6064
-57
-7066
-4142
-1868
-5750
-5525
1810
1315
-7879
1810
-1315
-7879
3483
2531
-6967
3663
0
-7326
3663
0
-7326
1810
1315
-7879
3663
0
-7326
1810
-1315
-7879
3663
0
-7326
3483
-2531
-6967
4891
3553
-5525
5368
1220
-6064
5368
1220
-6064
3483
2531
-6967
5368
1220
-6064
3663
0
-7326
5368
1220
-6064
5368
-1220
-6064
5368
-1220
-6064
3663
0
-7326
5368
-1220
-6064
3483
-2531
-6967
5368
-1220
-6064
4891
-3553
-5525
6702
2238
-4142
4891
3553
-5525
6702
2238
-4142
5368
1220
-6064
6967
0
-4306
5368
1220
-6064
6967
0
-4306
5368
-1220
-6064
6702
-2238
-4142
5368
-1220
-6064
6702
-2238
-4142
4891
-3553
-5525
