3022
0
2102
2745
-1400
2102
2745
-1400
2102
2699
-1380
2290
2699
-1380
2290
2972
0
2290
2972
0
2290
3022
0
2102
2699
-1380
2290
2753
-1403
2353
2753
-1403
2353
3030
0
2353
3030
0
2353
2972
0
2290
2753
-1403
2353
2861
-1449
2290
2861
-1449
2290
3147
0
2290
3147
0
2290
3030
0
2353
2861
-1449
2290
2980
-1500
2102
2980
-1500
2102
3277
0
2102
3277
0
2102
3147
0
2290
2745
-1400
2102
1987
-2533
2102
1987
-2533
2102
1952
-2497
2290
1952
-2497
2290
2699
-1380
2290
1952
-2497
2290
1993
-2538
2353
1993
-2538
2353
2753
-1403
2353
1993
-2538
2353
2076
-2622
2290
2076
-2622
2290
2861
-1449
2290
2076
-2622
2290
2168
-2714
2102
2168
-2714
2102
2980
-1500
2102
1987
-2533
2102
854
-3291
2102
854
-3291
2102
835
-3245
2290
835
-3245
2290
1952
-2497
2290
835
-3245
2290
857
-3298
2353
857
-3298
2353
1993
-2538
2353
857
-3298
2353
904
-3407
2290
904
-3407
2290
2076
-2622
2290
904
-3407
2290
954
-3526
2102
954
-3526
2102
2168
-2714
2102
854
-3291
2102
-545
-3567
2102
-545
-3567
2102
-545
-3518
2290
-545
-3518
2290
835
-3245
2290
-545
-3518
2290
-545
-3575
2353
-545
-3575
2353
857
-3298
2353
-545
-3575
2353
-545
-3693
2290
-545
-3693
2290
904
-3407
2290
-545
-3693
2290
-545
-3822
2102
-545
-3822
2102
954
-3526
2102
-545
-3567
2102
-2042
-3291
2102
-2042
-3291
2102
-1967
-3245
2290
-1967
-3245
2290
-545
-3518
2290
-1967
-3245
2290
-1961
-3298
2353
-1961
-3298
2353
-545
-3575
2353
-1961
-3298
2353
-1996
-3407
2290
-1996
-3407
2290
-545
-3693
2290
-1996
-3407
2290
-2045
-3526
2102
-2045
-3526
2102
-545
-3822
2102
-2042
-3291
2102
-3164
-2533
2102
-3164
-2533
2102
-3079
-2497
2290
-3079
-2497
2290
-1967
-3245
2290
-3079
-2497
2290
-3095
-2538
2353
-3095
-2538
2353
-1961
-3298
2353
-3095
-2538
2353
-3169
-2622
2290
-3169
-2622
2290
-1996
-3407
2290
-3169
-2622
2290
-3259
-2714
2102
-3259
-2714
2102
-2045
-3526
2102
-3164
-2533
2102
-3869
-1400
2102
-3869
-1400
2102
-3804
-1380
2290
-3804
-1380
2290
-3079
-2497
2290
-3804
-1380
2290
-3848
-1403
2353
-3848
-1403
2353
-3095
-2538
2353
-3848
-1403
2353
-3953
-1449
2290
-3953
-1449
2290
-3169
-2622
2290
-3953
-1449
2290
-4072
-1500
2102
-4072
-1500
2102
-3259
-2714
2102
-3869
-1400
2102
-4113
0
2102
-4113
0
2102
-4063
0
2290
-4063
0
2290
-3804
-1380
2290
-4063
0
2290
-4121
0
2353
-4121
0
2353
-3848
-1403
2353
-4121
0
2353
-4238
0
2290
-4238
0
2290
-3953
-1449
2290
-4238
0
2290
-4368
0
2102
-4368
0
2102
-4072
-1500
2102
-4113
0
2102
-3836
1400
2102
-3836
1400
2102
-3790
1380
2290
-3790
1380
2290
-4063
0
2290
-3790
1380
2290
-3844
1403
2353
-3844
1403
2353
-4121
0
2353
-3844
1403
2353
-3952
1449
2290
-3952
1449
2290
-4238
0
2290
-3952
1449
2290
-4072
1500
2102
-4072
1500
2102
-4368
0
2102
-3836
1400
2102
-3078
2533
2102
-3078
2533
2102
-3043
2497
2290
-3043
2497
2290
-3790
1380
2290
-3043
2497
2290
-3084
2538
2353
-3084
2538
2353
-3844
1403
2353
-3084
2538
2353
-3167
2622
2290
-3167
2622
2290
-3952
1449
2290
-3167
2622
2290
-3259
2714
2102
-3259
2714
2102
-4072
1500
2102
-3078
2533
2102
-1945
3291
2102
-1945
3291
2102
-1926
3245
2290
-1926
3245
2290
-3043
2497
2290
-1926
3245
2290
-1949
3298
2353
-1949
3298
2353
-3084
2538
2353
-1949
3298
2353
-1995
3407
2290
-1995
3407
2290
-3167
2622
2290
-1995
3407
2290
-2045
3526
2102
-2045
3526
2102
-3259
2714
2102
-1945
3291
2102
-545
3567
2102
-545
3567
2102
-545
3518
2290
-545
3518
2290
-1926
3245
2290
-545
3518
2290
-545
3575
2353
-545
3575
2353
-1949
3298
2353
-545
3575
2353
-545
3693
2290
-545
3693
2290
-1995
3407
2290
-545
3693
2290
-545
3822
2102
-545
3822
2102
-2045
3526
2102
-545
3567
2102
854
3291
2102
854
3291
2102
835
3245
2290
835
3245
2290
-545
3518
2290
835
3245
2290
857
3298
2353
857
3298
2353
-545
3575
2353
857
3298
2353
904
3407
2290
904
3407
2290
-545
3693
2290
904
3407
2290
954
3526
2102
954
3526
2102
-545
3822
2102
854
3291
2102
1987
2533
2102
1987
2533
2102
1952
2497
2290
1952
2497
2290
835
3245
2290
1952
2497
2290
1993
2538
2353
1993
2538
2353
857
3298
2353
1993
2538
2353
2076
2622
2290
2076
2622
2290
904
3407
2290
2076
2622
2290
2168
2714
2102
2168
2714
2102
954
3526
2102
1987
2533
2102
2745
1400
2102
2745
1400
2102
2699
1380
2290
2699
1380
2290
1952
2497
2290
2699
1380
2290
2753
1403
2353
2753
1403
2353
1993
2538
2353
2753
1403
2353
2861
1449
2290
2861
1449
2290
2076
2622
2290
2861
1449
2290
2980
1500
2102
2980
1500
2102
2168
2714
2102
2745
1400
2102
3022
0
2102
2972
0
2290
2699
1380
2290
3030
0
2353
2753
1403
2353
3147
0
2290
2861
1449
2290
3277
0
2102
2980
1500
2102
2980
-1500
2102
3412
-1684
1102
3412
-1684
1102
3745
0
1102
3745
0
1102
3277
0
2102
3412
-1684
1102
3789
-1844
119
3789
-1844
119
4153
0
119
4153
0
119
3745
0
1102
3789
-1844
119
4055
-1957
-827
4055
-1957
-827
4441
0
-827
4441
0
-827
4153
0
119
4055
-1957
-827
4156
-2000
-1720
4156
-2000
-1720
4551
0
-1720
4551
0
-1720
4441
0
-827
2168
-2714
2102
2500
-3046
1102
2500
-3046
1102
3412
-1684
1102
2500
-3046
1102
2790
-3336
119
2790
-3336
119
3789
-1844
119
2790
-3336
119
2995
-3541
-827
2995
-3541
-827
4055
-1957
-827
2995
-3541
-827
3073
-3618
-1720
3073
-3618
-1720
4156
-2000
-1720
954
-3526
2102
1138
-3958
1102
1138
-3958
1102
2500
-3046
1102
1138
-3958
1102
1298
-4334
119
1298
-4334
119
2790
-3336
119
1298
-4334
119
1412
-4600
-827
1412
-4600
-827
2995
-3541
-827
1412
-4600
-827
1455
-4701
-1720
1455
-4701
-1720
3073
-3618
-1720
-545
-3822
2102
-545
-4290
1102
-545
-4290
1102
1138
-3958
1102
-545
-4290
1102
-545
-4698
119
-545
-4698
119
1298
-4334
119
-545
-4698
119
-545
-4987
-827
-545
-4987
-827
1412
-4600
-827
-545
-4987
-827
-545
-5096
-1720
-545
-5096
-1720
1455
-4701
-1720
-2045
-3526
2102
-2229
-3958
1102
-2229
-3958
1102
-545
-4290
1102
-2229
-3958
1102
-2389
-4334
119
-2389
-4334
119
-545
-4698
119
-2389
-4334
119
-2503
-4600
-827
-2503
-4600
-827
-545
-4987
-827
-2503
-4600
-827
-2546
-4701
-1720
-2546
-4701
-1720
-545
-5096
-1720
-3259
-2714
2102
-3591
-3046
1102
-3591
-3046
1102
-2229
-3958
1102
-3591
-3046
1102
-3881
-3336
119
-3881
-3336
119
-2389
-4334
119
-3881
-3336
119
-4086
-3541
-827
-4086
-3541
-827
-2503
-4600
-827
-4086
-3541
-827
-4164
-3618
-1720
-4164
-3618
-1720
-2546
-4701
-1720
-4072
-1500
2102
-4503
-1684
1102
-4503
-1684
1102
-3591
-3046
1102
-4503
-1684
1102
-4880
-1844
119
-4880
-1844
119
-3881
-3336
119
-4880
-1844
119
-5146
-1957
-827
-5146
-1957
-827
-4086
-3541
-827
-5146
-1957
-827
-5247
-2000
-1720
-5247
-2000
-1720
-4164
-3618
-1720
-4368
0
2102
-4836
0
1102
-4836
0
1102
-4503
-1684
1102
-4836
0
1102
-5244
0
119
-5244
0
119
-4880
-1844
119
-5244
0
119
-5533
0
-827
-5533
0
-827
-5146
-1957
-827
-5533
0
-827
-5642
0
-1720
-5642
0
-1720
-5247
-2000
-1720
-4072
1500
2102
-4503
1684
1102
-4503
1684
1102
-4836
0
1102
-4503
1684
1102
-4880
1844
119
-4880
1844
119
-5244
0
119
-4880
1844
119
-5146
1957
-827
-5146
1957
-827
-5533
0
-827
-5146
1957
-827
-5247
2000
-1720
-5247
2000
-1720
-5642
0
-1720
-3259
2714
2102
-3591
3046
1102
-3591
3046
1102
-4503
1684
1102
-3591
3046
1102
-3881
3336
119
-3881
3336
119
-4880
1844
119
-3881
3336
119
-4086
3541
-827
-4086
3541
-827
-5146
1957
-827
-4086
3541
-827
-4164
3618
-1720
-4164
3618
-1720
-5247
2000
-1720
-2045
3526
2102
-2229
3958
1102
-2229
3958
1102
-3591
3046
1102
-2229
3958
1102
-2389
4334
119
-2389
4334
119
-3881
3336
119
-2389
4334
119
-2503
4600
-827
-2503
4600
-827
-4086
3541
-827
-2503
4600
-827
-2546
4701
-1720
-2546
4701
-1720
-4164
3618
-1720
-545
3822
2102
-545
4290
1102
-545
4290
1102
-2229
3958
1102
-545
4290
1102
-545
4698
119
-545
4698
119
-2389
4334
119
-545
4698
119
-545
4987
-827
-545
4987
-827
-2503
4600
-827
-545
4987
-827
-545
5096
-1720
-545
5096
-1720
-2546
4701
-1720
954
3526
2102
1138
3958
1102
1138
3958
1102
-545
4290
1102
1138
3958
1102
1298
4334
119
1298
4334
119
-545
4698
119
1298
4334
119
1412
4600
-827
1412
4600
-827
-545
4987
-827
1412
4600
-827
1455
4701
-1720
1455
4701
-1720
-545
5096
-1720
2168
2714
2102
2500
3046
1102
2500
3046
1102
1138
3958
1102
2500
3046
1102
2790
3336
119
2790
3336
119
1298
4334
119
2790
3336
119
2995
3541
-827
2995
3541
-827
1412
4600
-827
2995
3541
-827
3073
3618
-1720
3073
3618
-1720
1455
4701
-1720
2980
1500
2102
3412
1684
1102
3412
1684
1102
2500
3046
1102
3412
1684
1102
3789
1844
119
3789
1844
119
2790
3336
119
3789
1844
119
4055
1957
-827
4055
1957
-827
2995
3541
-827
4055
1957
-827
4156
2000
-1720
4156
2000
-1720
3073
3618
-1720
3745
0
1102
3412
1684
1102
4153
0
119
3789
1844
119
4441
0
-827
4055
1957
-827
4551
0
-1720
4156
2000
-1720
4156
-2000
-1720
3972
-1922
-2475
3972
-1922
-2475
4352
0
-2475
4352
0
-2475
4551
0
-1720
3972
-1922
-2475
3568
-1750
-3034
3568
-1750
-3034
3914
0
-3034
3914
0
-3034
4352
0
-2475
3568
-1750
-3034
3164
-1578
-3413
3164
-1578
-3413
3476
0
-3413
3476
0
-3413
3914
0
-3034
3164
-1578
-3413
2980
-1500
-3631
2980
-1500
-3631
3277
0
-3631
3277
0
-3631
3476
0
-3413
3073
-3618
-1720
2931
-3477
-2475
2931
-3477
-2475
3972
-1922
-2475
2931
-3477
-2475
2620
-3166
-3034
2620
-3166
-3034
3568
-1750
-3034
2620
-3166
-3034
2309
-2855
-3413
2309
-2855
-3413
3164
-1578
-3413
2309
-2855
-3413
2168
-2714
-3631
2168
-2714
-3631
2980
-1500
-3631
1455
-4701
-1720
1376
-4518
-2475
1376
-4518
-2475
2931
-3477
-2475
1376
-4518
-2475
1204
-4114
-3034
1204
-4114
-3034
2620
-3166
-3034
1204
-4114
-3034
1033
-3710
-3413
1033
-3710
-3413
2309
-2855
-3413
1033
-3710
-3413
954
-3526
-3631
954
-3526
-3631
2168
-2714
-3631
-545
-5096
-1720
-545
-4897
-2475
-545
-4897
-2475
1376
-4518
-2475
-545
-4897
-2475
-545
-4459
-3034
-545
-4459
-3034
1204
-4114
-3034
-545
-4459
-3034
-545
-4021
-3413
-545
-4021
-3413
1033
-3710
-3413
-545
-4021
-3413
-545
-3822
-3631
-545
-3822
-3631
954
-3526
-3631
-2546
-4701
-1720
-2467
-4518
-2475
-2467
-4518
-2475
-545
-4897
-2475
-2467
-4518
-2475
-2296
-4114
-3034
-2296
-4114
-3034
-545
-4459
-3034
-2296
-4114
-3034
-2124
-3710
-3413
-2124
-3710
-3413
-545
-4021
-3413
-2124
-3710
-3413
-2045
-3526
-3631
-2045
-3526
-3631
-545
-3822
-3631
-4164
-3618
-1720
-4023
-3477
-2475
-4023
-3477
-2475
-2467
-4518
-2475
-4023
-3477
-2475
-3712
-3166
-3034
-3712
-3166
-3034
-2296
-4114
-3034
-3712
-3166
-3034
-3401
-2855
-3413
-3401
-2855
-3413
-2124
-3710
-3413
-3401
-2855
-3413
-3259
-2714
-3631
-3259
-2714
-3631
-2045
-3526
-3631
-5247
-2000
-1720
-5063
-1922
-2475
-5063
-1922
-2475
-4023
-3477
-2475
-5063
-1922
-2475
-4659
-1750
-3034
-4659
-1750
-3034
-3712
-3166
-3034
-4659
-1750
-3034
-4255
-1578
-3413
-4255
-1578
-3413
-3401
-2855
-3413
-4255
-1578
-3413
-4072
-1500
-3631
-4072
-1500
-3631
-3259
-2714
-3631
-5642
0
-1720
-5443
0
-2475
-5443
0
-2475
-5063
-1922
-2475
-5443
0
-2475
-5005
0
-3034
-5005
0
-3034
-4659
-1750
-3034
-5005
0
-3034
-4567
0
-3413
-4567
0
-3413
-4255
-1578
-3413
-4567
0
-3413
-4368
0
-3631
-4368
0
-3631
-4072
-1500
-3631
-5247
2000
-1720
-5063
1922
-2475
-5063
1922
-2475
-5443
0
-2475
-5063
1922
-2475
-4659
1750
-3034
-4659
1750
-3034
-5005
0
-3034
-4659
1750
-3034
-4255
1578
-3413
-4255
1578
-3413
-4567
0
-3413
-4255
1578
-3413
-4072
1500
-3631
-4072
1500
-3631
-4368
0
-3631
-4164
3618
-1720
-4023
3477
-2475
-4023
3477
-2475
-5063
1922
-2475
-4023
3477
-2475
-3712
3166
-3034
-3712
3166
-3034
-4659
1750
-3034
-3712
3166
-3034
-3401
2855
-3413
-3401
2855
-3413
-4255
1578
-3413
-3401
2855
-3413
-3259
2714
-3631
-3259
2714
-3631
-4072
1500
-3631
-2546
4701
-1720
-2467
4518
-2475
-2467
4518
-2475
-4023
3477
-2475
-2467
4518
-2475
-2296
4114
-3034
-2296
4114
-3034
-3712
3166
-3034
-2296
4114
-3034
-2124
3710
-3413
-2124
3710
-3413
-3401
2855
-3413
-2124
3710
-3413
-2045
3526
-3631
-2045
3526
-3631
-3259
2714
-3631
-545
5096
-1720
-545
4897
-2475
-545
4897
-2475
-2467
4518
-2475
-545
4897
-2475
-545
4459
-3034
-545
4459
-3034
-2296
4114
-3034
-545
4459
-3034
-545
4021
-3413
-545
4021
-3413
-2124
3710
-3413
-545
4021
-3413
-545
3822
-3631
-545
3822
-3631
-2045
3526
-3631
1455
4701
-1720
1376
4518
-2475
1376
4518
-2475
-545
4897
-2475
1376
4518
-2475
1204
4114
-3034
1204
4114
-3034
-545
4459
-3034
1204
4114
-3034
1033
3710
-3413
1033
3710
-3413
-545
4021
-3413
1033
3710
-3413
954
3526
-3631
954
3526
-3631
-545
3822
-3631
3073
3618
-1720
2931
3477
-2475
2931
3477
-2475
1376
4518
-2475
2931
3477
-2475
2620
3166
-3034
2620
3166
-3034
1204
4114
-3034
2620
3166
-3034
2309
2855
-3413
2309
2855
-3413
1033
3710
-3413
2309
2855
-3413
2168
2714
-3631
2168
2714
-3631
954
3526
-3631
4156
2000
-1720
3972
1922
-2475
3972
1922
-2475
2931
3477
-2475
3972
1922
-2475
3568
1750
-3034
3568
1750
-3034
2620
3166
-3034
3568
1750
-3034
3164
1578
-3413
3164
1578
-3413
2309
2855
-3413
3164
1578
-3413
2980
1500
-3631
2980
1500
-3631
2168
2714
-3631
4352
0
-2475
3972
1922
-2475
3914
0
-3034
3568
1750
-3034
3476
0
-3413
3164
1578
-3413
3277
0
-3631
2980
1500
-3631
2980
-1500
-3631
2901
-1466
-3771
2901
-1466
-3771
3190
0
-3771
3190
0
-3771
3277
0
-3631
2901
-1466
-3771
2474
-1284
-3894
2474
-1284
-3894
2727
0
-3894
2727
0
-3894
3190
0
-3771
2474
-1284
-3894
1418
-835
-3981
1418
-835
-3981
1583
0
-3981
1583
0
-3981
2727
0
-3894
1418
-835
-3981
-545
0
-4013
-545
0
-4013
1583
0
-3981
2168
-2714
-3631
2107
-2652
-3771
2107
-2652
-3771
2901
-1466
-3771
2107
-2652
-3771
1778
-2323
-3894
1778
-2323
-3894
2474
-1284
-3894
1778
-2323
-3894
966
-1511
-3981
966
-1511
-3981
1418
-835
-3981
966
-1511
-3981
-545
0
-4013
954
-3526
-3631
920
-3446
-3771
920
-3446
-3771
2107
-2652
-3771
920
-3446
-3771
739
-3019
-3894
739
-3019
-3894
1778
-2323
-3894
739
-3019
-3894
290
-1964
-3981
290
-1964
-3981
966
-1511
-3981
290
-1964
-3981
-545
0
-4013
-545
-3822
-3631
-545
-3736
-3771
-545
-3736
-3771
920
-3446
-3771
-545
-3736
-3771
-545
-3273
-3894
-545
-3273
-3894
739
-3019
-3894
-545
-3273
-3894
-545
-2129
-3981
-545
-2129
-3981
290
-1964
-3981
-545
-2129
-3981
-545
0
-4013
-2045
-3526
-3631
-2011
-3446
-3771
-2011
-3446
-3771
-545
-3736
-3771
-2011
-3446
-3771
-1830
-3019
-3894
-1830
-3019
-3894
-545
-3273
-3894
-1830
-3019
-3894
-1381
-1964
-3981
-1381
-1964
-3981
-545
-2129
-3981
-1381
-1964
-3981
-545
0
-4013
-3259
-2714
-3631
-3198
-2652
-3771
-3198
-2652
-3771
-2011
-3446
-3771
-3198
-2652
-3771
-2869
-2323
-3894
-2869
-2323
-3894
-1830
-3019
-3894
-2869
-2323
-3894
-2057
-1511
-3981
-2057
-1511
-3981
-1381
-1964
-3981
-2057
-1511
-3981
-545
0
-4013
-4072
-1500
-3631
-3992
-1466
-3771
-3992
-1466
-3771
-3198
-2652
-3771
-3992
-1466
-3771
-3565
-1284
-3894
-3565
-1284
-3894
-2869
-2323
-3894
-3565
-1284
-3894
-2509
-835
-3981
-2509
-835
-3981
-2057
-1511
-3981
-2509
-835
-3981
-545
0
-4013
-4368
0
-3631
-4281
0
-3771
-4281
0
-3771
-3992
-1466
-3771
-4281
0
-3771
-3818
0
-3894
-3818
0
-3894
-3565
-1284
-3894
-3818
0
-3894
-2674
0
-3981
-2674
0
-3981
-2509
-835
-3981
-2674
0
-3981
-545
0
-4013
-4072
1500
-3631
-3992
1466
-3771
-3992
1466
-3771
-4281
0
-3771
-3992
1466
-3771
-3565
1284
-3894
-3565
1284
-3894
-3818
0
-3894
-3565
1284
-3894
-2509
835
-3981
-2509
835
-3981
-2674
0
-3981
-2509
835
-3981
-545
0
-4013
-3259
2714
-3631
-3198
2652
-3771
-3198
2652
-3771
-3992
1466
-3771
-3198
2652
-3771
-2869
2323
-3894
-2869
2323
-3894
-3565
1284
-3894
-2869
2323
-3894
-2057
1511
-3981
-2057
1511
-3981
-2509
835
-3981
-2057
1511
-3981
-545
0
-4013
-2045
3526
-3631
-2011
3446
-3771
-2011
3446
-3771
-3198
2652
-3771
-2011
3446
-3771
-1830
3019
-3894
-1830
3019
-3894
-2869
2323
-3894
-1830
3019
-3894
-1381
1964
-3981
-1381
1964
-3981
-2057
1511
-3981
-1381
1964
-3981
-545
0
-4013
-545
3822
-3631
-545
3736
-3771
-545
3736
-3771
-2011
3446
-3771
-545
3736
-3771
-545
3273
-3894
-545
3273
-3894
-1830
3019
-3894
-545
3273
-3894
-545
2129
-3981
-545
2129
-3981
-1381
1964
-3981
-545
2129
-3981
-545
0
-4013
954
3526
-3631
920
3446
-3771
920
3446
-3771
-545
3736
-3771
920
3446
-3771
739
3019
-3894
739
3019
-3894
-545
3273
-3894
739
3019
-3894
290
1964
-3981
290
1964
-3981
-545
2129
-3981
290
1964
-3981
-545
0
-4013
2168
2714
-3631
2107
2652
-3771
2107
2652
-3771
920
3446
-3771
2107
2652
-3771
1778
2323
-3894
1778
2323
-3894
739
3019
-3894
1778
2323
-3894
966
1511
-3981
966
1511
-3981
290
1964
-3981
966
1511
-3981
-545
0
-4013
2980
1500
-3631
2901
1466
-3771
2901
1466
-3771
2107
2652
-3771
2901
1466
-3771
2474
1284
-3894
2474
1284
-3894
1778
2323
-3894
2474
1284
-3894
1418
835
-3981
1418
835
-3981
966
1511
-3981
1418
835
-3981
-545
0
-4013
3190
0
-3771
2901
1466
-3771
2727
0
-3894
2474
1284
-3894
1583
0
-3981
1418
835
-3981
-4623
0
1146
-4583
-430
1236
-4583
-430
1236
-5849
-430
1226
-5849
-430
1226
-5813
0
1137
-5813
0
1137
-4623
0
1146
-5849
-430
1226
-6778
-430
1153
-6778
-430
1153
-6693
0
1075
-6693
0
1075
-5813
0
1137
-6778
-430
1153
-7350
-430
956
-7350
-430
956
-7239
0
904
-7239
0
904
-6693
0
1075
-7350
-430
956
-7545
-430
573
-7545
-430
573
-7426
0
573
-7426
0
573
-7239
0
904
-4583
-430
1236
-4495
-573
1433
-4495
-573
1433
-5927
-573
1420
-5927
-573
1420
-5849
-430
1226
-5927
-573
1420
-6964
-573
1326
-6964
-573
1326
-6778
-430
1153
-6964
-573
1326
-7595
-573
1070
-7595
-573
1070
-7350
-430
956
-7595
-573
1070
-7808
-573
573
-7808
-573
573
-7545
-430
573
-4495
-573
1433
-4408
-430
1630
-4408
-430
1630
-6005
-430
1614
-6005
-430
1614
-5927
-573
1420
-6005
-430
1614
-7150
-430
1498
-7150
-430
1498
-6964
-573
1326
-7150
-430
1498
-7840
-430
1184
-7840
-430
1184
-7595
-573
1070
-7840
-430
1184
-8071
-430
573
-8071
-430
573
-7808
-573
573
-4408
-430
1630
-4368
0
1720
-4368
0
1720
-6040
0
1702
-6040
0
1702
-6005
-430
1614
-6040
0
1702
-7235
0
1576
-7235
0
1576
-7150
-430
1498
-7235
0
1576
-7952
0
1236
-7952
0
1236
-7840
-430
1184
-7952
0
1236
-8190
0
573
-8190
0
573
-8071
-430
573
-4368
0
1720
-4408
430
1630
-4408
430
1630
-6005
430
1614
-6005
430
1614
-6040
0
1702
-6005
430
1614
-7150
430
1498
-7150
430
1498
-7235
0
1576
-7150
430
1498
-7840
430
1184
-7840
430
1184
-7952
0
1236
-7840
430
1184
-8071
430
573
-8071
430
573
-8190
0
573
-4408
430
1630
-4495
573
1433
-4495
573
1433
-5927
573
1420
-5927
573
1420
-6005
430
1614
-5927
573
1420
-6964
573
1326
-6964
573
1326
-7150
430
1498
-6964
573
1326
-7595
573
1070
-7595
573
1070
-7840
430
1184
-7595
573
1070
-7808
573
573
-7808
573
573
-8071
430
573
-4495
573
1433
-4583
430
1236
-4583
430
1236
-5849
430
1226
-5849
430
1226
-5927
573
1420
-5849
430
1226
-6778
430
1153
-6778
430
1153
-6964
573
1326
-6778
430
1153
-7350
430
956
-7350
430
956
-7595
573
1070
-7350
430
956
-7545
430
573
-7545
430
573
-7808
573
573
-4583
430
1236
-4623
0
1146
-5813
0
1137
-5849
430
1226
-6693
0
1075
-6778
430
1153
-7239
0
904
-7350
430
956
-7426
0
573
-7545
430
573
-7545
-430
573
-7435
-430
3
-7435
-430
3
-7326
0
53
-7326
0
53
-7426
0
573
-7435
-430
3
-7089
-430
-649
-7089
-430
-649
-7012
0
-573
-7012
0
-573
-7326
0
53
-7089
-430
-649
-6485
-430
-1295
-6485
-430
-1295
-6458
0
-1200
-6458
0
-1200
-7012
0
-573
-6485
-430
-1295
-5602
-430
-1839
-5602
-430
-1839
-5642
0
-1720
-5642
0
-1720
-6458
0
-1200
-7808
-573
573
-7674
-573
-106
-7674
-573
-106
-7435
-430
3
-7674
-573
-106
-7259
-573
-818
-7259
-573
-818
-7089
-430
-649
-7259
-573
-818
-6545
-573
-1502
-6545
-573
-1502
-6485
-430
-1295
-6545
-573
-1502
-5515
-573
-2102
-5515
-573
-2102
-5602
-430
-1839
-8071
-430
573
-7913
-430
-217
-7913
-430
-217
-7674
-573
-106
-7913
-430
-217
-7428
-430
-986
-7428
-430
-986
-7259
-573
-818
-7428
-430
-986
-6604
-430
-1710
-6604
-430
-1710
-6545
-573
-1502
-6604
-430
-1710
-5427
-430
-2365
-5427
-430
-2365
-5515
-573
-2102
-8190
0
573
-8021
0
-267
-8021
0
-267
-7913
-430
-217
-8021
0
-267
-7506
0
-1063
-7506
0
-1063
-7428
-430
-986
-7506
0
-1063
-6632
0
-1805
-6632
0
-1805
-6604
-430
-1710
-6632
0
-1805
-5387
0
-2484
-5387
0
-2484
-5427
-430
-2365
-8071
430
573
-7913
430
-217
-7913
430
-217
-8021
0
-267
-7913
430
-217
-7428
430
-986
-7428
430
-986
-7506
0
-1063
-7428
430
-986
-6604
430
-1710
-6604
430
-1710
-6632
0
-1805
-6604
430
-1710
-5427
430
-2365
-5427
430
-2365
-5387
0
-2484
-7808
573
573
-7674
573
-106
-7674
573
-106
-7913
430
-217
-7674
573
-106
-7259
573
-818
-7259
573
-818
-7428
430
-986
-7259
573
-818
-6545
573
-1502
-6545
573
-1502
-6604
430
-1710
-6545
573
-1502
-5515
573
-2102
-5515
573
-2102
-5427
430
-2365
-7545
430
573
-7435
430
3
-7435
430
3
-7674
573
-106
-7435
430
3
-7089
430
-649
-7089
430
-649
-7259
573
-818
-7089
430
-649
-6485
430
-1295
-6485
430
-1295
-6545
573
-1502
-6485
430
-1295
-5602
430
-1839
-5602
430
-1839
-5515
573
-2102
-7326
0
53
-7435
430
3
-7012
0
-573
-7089
430
-649
-6458
0
-1200
-6485
430
-1295
-5642
0
-1720
-5602
430
-1839
3786
0
-382
3786
-946
-710
3786
-946
-710
5102
-854
-345
5102
-854
-345
5009
0
-101
5009
0
-101
3786
0
-382
5102
-854
-345
5658
-652
431
5658
-652
431
5538
0
573
5538
0
573
5009
0
-101
5658
-652
431
5975
-450
1340
5975
-450
1340
5829
0
1391
5829
0
1391
5538
0
573
5975
-450
1340
6574
-358
2102
6574
-358
2102
6335
0
2102
6335
0
2102
5829
0
1391
3786
-946
-710
3786
-1261
-1433
3786
-1261
-1433
5308
-1139
-881
5308
-1139
-881
5102
-854
-345
5308
-1139
-881
5921
-869
119
5921
-869
119
5658
-652
431
5921
-869
119
6295
-600
1227
6295
-600
1227
5975
-450
1340
6295
-600
1227
7099
-477
2102
7099
-477
2102
6574
-358
2102
3786
-1261
-1433
3786
-946
-2156
3786
-946
-2156
5513
-854
-1416
5513
-854
-1416
5308
-1139
-881
5513
-854
-1416
6184
-652
-192
6184
-652
-192
5921
-869
119
6184
-652
-192
6615
-450
1114
6615
-450
1114
6295
-600
1227
6615
-450
1114
7625
-358
2102
7625
-358
2102
7099
-477
2102
3786
-946
-2156
3786
0
-2484
3786
0
-2484
5606
0
-1660
5606
0
-1660
5513
-854
-1416
5606
0
-1660
6303
0
-334
6303
0
-334
6184
-652
-192
6303
0
-334
6761
0
1063
6761
0
1063
6615
-450
1114
6761
0
1063
7864
0
2102
7864
0
2102
7625
-358
2102
3786
0
-2484
3786
946
-2156
3786
946
-2156
5513
854
-1416
5513
854
-1416
5606
0
-1660
5513
854
-1416
6184
652
-192
6184
652
-192
6303
0
-334
6184
652
-192
6615
450
1114
6615
450
1114
6761
0
1063
6615
450
1114
7625
358
2102
7625
358
2102
7864
0
2102
3786
946
-2156
3786
1261
-1433
3786
1261
-1433
5308
1139
-881
5308
1139
-881
5513
854
-1416
5308
1139
-881
5921
869
119
5921
869
119
6184
652
-192
5921
869
119
6295
600
1227
6295
600
1227
6615
450
1114
6295
600
1227
7099
477
2102
7099
477
2102
7625
358
2102
3786
1261
-1433
3786
946
-710
3786
946
-710
5102
854
-345
5102
854
-345
5308
1139
-881
5102
854
-345
5658
652
431
5658
652
431
5921
869
119
5658
652
431
5975
450
1340
5975
450
1340
6295
600
1227
5975
450
1340
6574
358
2102
6574
358
2102
7099
477
2102
3786
946
-710
3786
0
-382
5009
0
-101
5102
854
-345
5538
0
573
5658
652
431
5829
0
1391
5975
450
1340
6335
0
2102
6574
358
2102
6574
-358
2102
6774
-335
2215
6774
-335
2215
6518
0
2210
6518
0
2210
6335
0
2102
6774
-335
2215
6894
-286
2254
6894
-286
2254
6653
0
2245
6653
0
2245
6518
0
2210
6894
-286
2254
6897
-237
2217
6897
-237
2217
6693
0
2210
6693
0
2210
6653
0
2245
6897
-237
2217
6749
-215
2102
6749
-215
2102
6590
0
2102
6590
0
2102
6693
0
2210
7099
-477
2102
7337
-447
2226
7337
-447
2226
6774
-335
2215
7337
-447
2226
7422
-382
2272
7422
-382
2272
6894
-286
2254
7422
-382
2272
7346
-316
2233
7346
-316
2233
6897
-237
2217
7346
-316
2233
7099
-286
2102
7099
-286
2102
6749
-215
2102
7625
-358
2102
7900
-335
2238
7900
-335
2238
7337
-447
2226
7900
-335
2238
7950
-286
2291
7950
-286
2291
7422
-382
2272
7950
-286
2291
7794
-237
2249
7794
-237
2249
7346
-316
2233
7794
-237
2249
7450
-215
2102
7450
-215
2102
7099
-286
2102
7864
0
2102
8156
0
2243
8156
0
2243
7900
-335
2238
8156
0
2243
8191
0
2299
8191
0
2299
7950
-286
2291
8191
0
2299
7998
0
2257
7998
0
2257
7794
-237
2249
7998
0
2257
7609
0
2102
7609
0
2102
7450
-215
2102
7625
358
2102
7900
335
2238
7900
335
2238
8156
0
2243
7900
335
2238
7950
286
2291
7950
286
2291
8191
0
2299
7950
286
2291
7794
237
2249
7794
237
2249
7998
0
2257
7794
237
2249
7450
215
2102
7450
215
2102
7609
0
2102
7099
477
2102
7337
447
2226
7337
447
2226
7900
335
2238
7337
447
2226
7422
382
2272
7422
382
2272
7950
286
2291
7422
382
2272
7346
316
2233
7346
316
2233
7794
237
2249
7346
316
2233
7099
286
2102
7099
286
2102
7450
215
2102
6574
358
2102
6774
335
2215
6774
335
2215
7337
447
2226
6774
335
2215
6894
286
2254
6894
286
2254
7422
382
2272
6894
286
2254
6897
237
2217
6897
237
2217
7346
316
2233
6897
237
2217
6749
215
2102
6749
215
2102
7099
286
2102
6518
0
2210
6774
335
2215
6653
0
2245
6894
286
2254
6693
0
2210
6897
237
2217
6590
0
2102
6749
215
2102
255
-341
3888
322
0
3888
322
0
3888
-545
0
4013
-545
0
4013
255
-341
3888
255
-341
3888
218
-325
3583
218
-325
3583
282
0
3583
282
0
3583
322
0
3888
218
-325
3583
-82
-197
3207
-82
-197
3207
-43
0
3207
-43
0
3207
282
0
3583
-82
-197
3207
-75
-200
2867
-75
-200
2867
-35
0
2867
-35
0
2867
-43
0
3207
71
-617
3888
255
-341
3888
-545
0
4013
71
-617
3888
71
-617
3888
43
-588
3583
43
-588
3583
218
-325
3583
43
-588
3583
-189
-356
3207
-189
-356
3207
-82
-197
3207
-189
-356
3207
-183
-361
2867
-183
-361
2867
-75
-200
2867
-203
-801
3888
71
-617
3888
-545
0
4013
-203
-801
3888
-203
-801
3888
-219
-764
3583
-219
-764
3583
43
-588
3583
-219
-764
3583
-348
-462
3207
-348
-462
3207
-189
-356
3207
-348
-462
3207
-345
-470
2867
-345
-470
2867
-183
-361
2867
-545
-868
3888
-203
-801
3888
-545
0
4013
-545
-868
3888
-545
-868
3888
-545
-828
3583
-545
-828
3583
-219
-764
3583
-545
-828
3583
-545
-501
3207
-545
-501
3207
-348
-462
3207
-545
-501
3207
-545
-509
2867
-545
-509
2867
-345
-470
2867
-887
-801
3888
-545
-868
3888
-545
0
4013
-887
-801
3888
-887
-801
3888
-871
-764
3583
-871
-764
3583
-545
-828
3583
-871
-764
3583
-742
-462
3207
-742
-462
3207
-545
-501
3207
-742
-462
3207
-745
-470
2867
-745
-470
2867
-545
-509
2867
-1162
-617
3888
-887
-801
3888
-545
0
4013
-1162
-617
3888
-1162
-617
3888
-1134
-588
3583
-1134
-588
3583
-871
-764
3583
-1134
-588
3583
-902
-356
3207
-902
-356
3207
-742
-462
3207
-902
-356
3207
-907
-361
2867
-907
-361
2867
-745
-470
2867
-1346
-341
3888
-1162
-617
3888
-545
0
4013
-1346
-341
3888
-1346
-341
3888
-1309
-325
3583
-1309
-325
3583
-1134
-588
3583
-1309
-325
3583
-1008
-197
3207
-1008
-197
3207
-902
-356
3207
-1008
-197
3207
-1015
-200
2867
-1015
-200
2867
-907
-361
2867
-1413
0
3888
-1346
-341
3888
-545
0
4013
-1413
0
3888
-1413
0
3888
-1373
0
3583
-1373
0
3583
-1309
-325
3583
-1373
0
3583
-1047
0
3207
-1047
0
3207
-1008
-197
3207
-1047
0
3207
-1055
0
2867
-1055
0
2867
-1015
-200
2867
-1346
341
3888
-1413
0
3888
-545
0
4013
-1346
341
3888
-1346
341
3888
-1309
325
3583
-1309
325
3583
-1373
0
3583
-1309
325
3583
-1008
197
3207
-1008
197
3207
-1047
0
3207
-1008
197
3207
-1015
200
2867
-1015
200
2867
-1055
0
2867
-1162
617
3888
-1346
341
3888
-545
0
4013
-1162
617
3888
-1162
617
3888
-1134
588
3583
-1134
588
3583
-1309
325
3583
-1134
588
3583
-902
356
3207
-902
356
3207
-1008
197
3207
-902
356
3207
-907
361
2867
-907
361
2867
-1015
200
2867
-887
801
3888
-1162
617
3888
-545
0
4013
-887
801
3888
-887
801
3888
-871
764
3583
-871
764
3583
-1134
588
3583
-871
764
3583
-742
462
3207
-742
462
3207
-902
356
3207
-742
462
3207
-745
470
2867
-745
470
2867
-907
361
2867
-545
868
3888
-887
801
3888
-545
0
4013
-545
868
3888
-545
868
3888
-545
828
3583
-545
828
3583
-871
764
3583
-545
828
3583
-545
501
3207
-545
501
3207
-742
462
3207
-545
501
3207
-545
509
2867
-545
509
2867
-745
470
2867
-203
801
3888
-545
868
3888
-545
0
4013
-203
801
3888
-203
801
3888
-219
764
3583
-219
764
3583
-545
828
3583
-219
764
3583
-348
462
3207
-348
462
3207
-545
501
3207
-348
462
3207
-345
470
2867
-345
470
2867
-545
509
2867
71
617
3888
-203
801
3888
-545
0
4013
71
617
3888
71
617
3888
43
588
3583
43
588
3583
-219
764
3583
43
588
3583
-189
356
3207
-189
356
3207
-348
462
3207
-189
356
3207
-183
361
2867
-183
361
2867
-345
470
2867
255
341
3888
71
617
3888
-545
0
4013
255
341
3888
255
341
3888
218
325
3583
218
325
3583
43
588
3583
218
325
3583
-82
197
3207
-82
197
3207
-189
356
3207
-82
197
3207
-75
200
2867
-75
200
2867
-183
361
2867
322
0
3888
255
341
3888
282
0
3583
218
325
3583
-43
0
3207
-82
197
3207
-35
0
2867
-75
200
2867
-75
-200
2867
527
-456
2640
527
-456
2640
617
0
2640
617
0
2640
-35
0
2867
527
-456
2640
1394
-825
2484
1394
-825
2484
1556
0
2484
1556
0
2484
617
0
2640
1394
-825
2484
2172
-1156
2329
2172
-1156
2329
2401
0
2329
2401
0
2329
1556
0
2484
2172
-1156
2329
2510
-1300
2102
2510
-1300
2102
2767
0
2102
2767
0
2102
2401
0
2329
-183
-361
2867
280
-825
2640
280
-825
2640
527
-456
2640
280
-825
2640
947
-1492
2484
947
-1492
2484
1394
-825
2484
947
-1492
2484
1546
-2092
2329
1546
-2092
2329
2172
-1156
2329
1546
-2092
2329
1806
-2352
2102
1806
-2352
2102
2510
-1300
2102
-345
-470
2867
-89
-1072
2640
-89
-1072
2640
280
-825
2640
-89
-1072
2640
279
-1939
2484
279
-1939
2484
947
-1492
2484
279
-1939
2484
611
-2718
2329
611
-2718
2329
1546
-2092
2329
611
-2718
2329
754
-3056
2102
754
-3056
2102
1806
-2352
2102
-545
-509
2867
-545
-1162
2640
-545
-1162
2640
-89
-1072
2640
-545
-1162
2640
-545
-2102
2484
-545
-2102
2484
279
-1939
2484
-545
-2102
2484
-545
-2946
2329
-545
-2946
2329
611
-2718
2329
-545
-2946
2329
-545
-3313
2102
-545
-3313
2102
754
-3056
2102
-745
-470
2867
-1001
-1072
2640
-1001
-1072
2640
-545
-1162
2640
-1001
-1072
2640
-1370
-1939
2484
-1370
-1939
2484
-545
-2102
2484
-1370
-1939
2484
-1702
-2718
2329
-1702
-2718
2329
-545
-2946
2329
-1702
-2718
2329
-1845
-3056
2102
-1845
-3056
2102
-545
-3313
2102
-907
-361
2867
-1371
-825
2640
-1371
-825
2640
-1001
-1072
2640
-1371
-825
2640
-2038
-1492
2484
-2038
-1492
2484
-1370
-1939
2484
-2038
-1492
2484
-2637
-2092
2329
-2637
-2092
2329
-1702
-2718
2329
-2637
-2092
2329
-2897
-2352
2102
-2897
-2352
2102
-1845
-3056
2102
-1015
-200
2867
-1618
-456
2640
-1618
-456
2640
-1371
-825
2640
-1618
-456
2640
-2485
-825
2484
-2485
-825
2484
-2038
-1492
2484
-2485
-825
2484
-3263
-1156
2329
-3263
-1156
2329
-2637
-2092
2329
-3263
-1156
2329
-3601
-1300
2102
-3601
-1300
2102
-2897
-2352
2102
-1055
0
2867
-1708
0
2640
-1708
0
2640
-1618
-456
2640
-1708
0
2640
-2648
0
2484
-2648
0
2484
-2485
-825
2484
-2648
0
2484
-3492
0
2329
-3492
0
2329
-3263
-1156
2329
-3492
0
2329
-3858
0
2102
-3858
0
2102
-3601
-1300
2102
-1015
200
2867
-1618
456
2640
-1618
456
2640
-1708
0
2640
-1618
456
2640
-2485
825
2484
-2485
825
2484
-2648
0
2484
-2485
825
2484
-3263
1156
2329
-3263
1156
2329
-3492
0
2329
-3263
1156
2329
-3601
1300
2102
-3601
1300
2102
-3858
0
2102
-907
361
2867
-1371
825
2640
-1371
825
2640
-1618
456
2640
-1371
825
2640
-2038
1492
2484
-2038
1492
2484
-2485
825
2484
-2038
1492
2484
-2637
2092
2329
-2637
2092
2329
-3263
1156
2329
-2637
2092
2329
-2897
2352
2102
-2897
2352
2102
-3601
1300
2102
-745
470
2867
-1001
1072
2640
-1001
1072
2640
-1371
825
2640
-1001
1072
2640
-1370
1939
2484
-1370
1939
2484
-2038
1492
2484
-1370
1939
2484
-1702
2718
2329
-1702
2718
2329
-2637
2092
2329
-1702
2718
2329
-1845
3056
2102
-1845
3056
2102
-2897
2352
2102
-545
509
2867
-545
1162
2640
-545
1162
2640
-1001
1072
2640
-545
1162
2640
-545
2102
2484
-545
2102
2484
-1370
1939
2484
-545
2102
2484
-545
2946
2329
-545
2946
2329
-1702
2718
2329
-545
2946
2329
-545
3313
2102
-545
3313
2102
-1845
3056
2102
-345
470
2867
-89
1072
2640
-89
1072
2640
-545
1162
2640
-89
1072
2640
279
1939
2484
279
1939
2484
-545
2102
2484
279
1939
2484
611
2718
2329
611
2718
2329
-545
2946
2329
611
2718
2329
754
3056
2102
754
3056
2102
-545
3313
2102
-183
361
2867
280
825
2640
280
825
2640
-89
1072
2640
280
825
2640
947
1492
2484
947
1492
2484
279
1939
2484
947
1492
2484
1546
2092
2329
1546
2092
2329
611
2718
2329
1546
2092
2329
1806
2352
2102
1806
2352
2102
754
3056
2102
-75
200
2867
527
456
2640
527
456
2640
280
825
2640
527
456
2640
1394
825
2484
1394
825
2484
947
1492
2484
1394
825
2484
2172
1156
2329
2172
1156
2329
1546
2092
2329
2172
1156
2329
2510
1300
2102
2510
1300
2102
1806
2352
2102
617
0
2640
527
456
2640
1556
0
2484
1394
825
2484
2401
0
2329
2172
1156
2329
2767
0
2102
2510
1300
2102
