2020
7540
1433
2119
7911
0
2119
7911
0
0
8191
0
0
8191
0
0
7806
1433
0
7806
1433
2020
7540
1433
1749
6527
2482
2020
7540
1433
0
7806
1433
0
6757
2482
0
6757
2482
1749
6527
2482
1378
5143
2866
1749
6527
2482
0
6757
2482
0
5324
2866
0
5324
2866
1378
5143
2866
1007
3758
2482
1378
5143
2866
0
5324
2866
0
3891
2482
0
3891
2482
1007
3758
2482
735
2745
1433
1007
3758
2482
0
3891
2482
0
2842
1433
0
2842
1433
735
2745
1433
636
2374
0
735
2745
1433
0
2842
1433
0
2458
0
0
2458
0
636
2374
0
735
2745
-1433
636
2374
0
0
2458
0
0
2842
-1433
0
2842
-1433
735
2745
-1433
1007
3758
-2482
735
2745
-1433
0
2842
-1433
0
3891
-2482
0
3891
-2482
1007
3758
-2482
1378
5143
-2866
1007
3758
-2482
0
3891
-2482
0
5324
-2866
0
5324
-2866
1378
5143
-2866
1749
6527
-2482
1378
5143
-2866
0
5324
-2866
0
6757
-2482
0
6757
-2482
1749
6527
-2482
2020
7540
-1433
1749
6527
-2482
0
6757
-2482
0
7806
-1433
0
7806
-1433
2020
7540
-1433
2119
7911
0
2020
7540
-1433
0
7806
-1433
0
8191
0
3903
6761
1433
4095
7093
0
4095
7093
0
2119
7911
0
2020
7540
1433
3903
6761
1433
3378
5852
2482
3903
6761
1433
1749
6527
2482
3378
5852
2482
2662
4611
2866
3378
5852
2482
1378
5143
2866
2662
4611
2866
1945
3370
2482
2662
4611
2866
1007
3758
2482
1945
3370
2482
1421
2461
1433
1945
3370
2482
735
2745
1433
1421
2461
1433
1229
2128
0
1421
2461
1433
636
2374
0
1229
2128
0
1421
2461
-1433
1229
2128
0
735
2745
-1433
1421
2461
-1433
1945
3370
-2482
1421
2461
-1433
1007
3758
-2482
1945
3370
-2482
2662
4611
-2866
1945
3370
-2482
1378
5143
-2866
2662
4611
-2866
3378
5852
-2482
2662
4611
-2866
1749
6527
-2482
3378
5852
-2482
3903
6761
-1433
3378
5852
-2482
2020
7540
-1433
3903
6761
-1433
4095
7093
0
3903
6761
-1433
5520
5520
1433
5791
5791
0
5791
5791
0
4095
7093
0
3903
6761
1433
5520
5520
1433
4778
4778
2482
5520
5520
1433
3378
5852
2482
4778
4778
2482
3765
3765
2866
4778
4778
2482
2662
4611
2866
3765
3765
2866
2751
2751
2482
3765
3765
2866
1945
3370
2482
2751
2751
2482
2009
2009
1433
2751
2751
2482
1421
2461
1433
2009
2009
1433
1738
1738
0
2009
2009
1433
1229
2128
0
1738
1738
0
2009
2009
-1433
1738
1738
0
1421
2461
-1433
2009
2009
-1433
2751
2751
-2482
2009
2009
-1433
1945
3370
-2482
2751
2751
-2482
3765
3765
-2866
2751
2751
-2482
2662
4611
-2866
3765
3765
-2866
4778
4778
-2482
3765
3765
-2866
3378
5852
-2482
4778
4778
-2482
5520
5520
-1433
4778
4778
-2482
3903
6761
-1433
5520
5520
-1433
5791
5791
0
5520
5520
-1433
6761
3903
1433
7093
4095
0
7093
4095
0
5791
5791
0
5520
5520
1433
6761
3903
1433
5852
3378
2482
6761
3903
1433
4778
4778
2482
5852
3378
2482
4611
2662
2866
5852
3378
2482
3765
3765
2866
4611
2662
2866
3370
1945
2482
4611
2662
2866
2751
2751
2482
3370
1945
2482
2461
1421
1433
3370
1945
2482
2009
2009
1433
2461
1421
1433
2128
1229
0
2461
1421
1433
1738
1738
0
2128
1229
0
2461
1421
-1433
2128
1229
0
2009
2009
-1433
2461
1421
-1433
3370
1945
-2482
2461
1421
-1433
2751
2751
-2482
3370
1945
-2482
4611
2662
-2866
3370
1945
-2482
3765
3765
-2866
4611
2662
-2866
5852
3378
-2482
4611
2662
-2866
4778
4778
-2482
5852
3378
-2482
6761
3903
-1433
5852
3378
-2482
5520
5520
-1433
6761
3903
-1433
7093
4095
0
6761
3903
-1433
7540
2020
1433
7911
2119
0
7911
2119
0
7093
4095
0
6761
3903
1433
7540
2020
1433
6527
1749
2482
7540
2020
1433
5852
3378
2482
6527
1749
2482
5143
1378
2866
6527
1749
2482
4611
2662
2866
5143
1378
2866
3758
1007
2482
5143
1378
2866
3370
1945
2482
3758
1007
2482
2745
735
1433
3758
1007
2482
2461
1421
1433
2745
735
1433
2374
636
0
2745
735
1433
2128
1229
0
2374
636
0
2745
735
-1433
2374
636
0
2461
1421
-1433
2745
735
-1433
3758
1007
-2482
2745
735
-1433
3370
1945
-2482
3758
1007
-2482
5143
1378
-2866
3758
1007
-2482
4611
2662
-2866
5143
1378
-2866
6527
1749
-2482
5143
1378
-2866
5852
3378
-2482
6527
1749
-2482
7540
2020
-1433
6527
1749
-2482
6761
3903
-1433
7540
2020
-1433
7911
2119
0
7540
2020
-1433
7806
0
1433
8191
0
0
8191
0
0
7911
2119
0
7540
2020
1433
7806
0
1433
6757
0
2482
7806
0
1433
6527
1749
2482
6757
0
2482
5324
0
2866
6757
0
2482
5143
1378
2866
5324
0
2866
3891
0
2482
5324
0
2866
3758
1007
2482
3891
0
2482
2842
0
1433
3891
0
2482
2745
735
1433
2842
0
1433
2458
0
0
2842
0
1433
2374
636
0
2458
0
0
2842
0
-1433
2458
0
0
2745
735
-1433
2842
0
-1433
3891
0
-2482
2842
0
-1433
3758
1007
-2482
3891
0
-2482
5324
0
-2866
3891
0
-2482
5143
1378
-2866
5324
0
-2866
6757
0
-2482
5324
0
-2866
6527
1749
-2482
6757
0
-2482
7806
0
-1433
6757
0
-2482
7540
2020
-1433
7806
0
-1433
8191
0
0
7806
0
-1433
7540
-2020
1433
7911
-2119
0
7911
-2119
0
8191
0
0
7806
0
1433
7540
-2020
1433
6527
-1749
2482
7540
-2020
1433
6757
0
2482
6527
-1749
2482
5143
-1378
2866
6527
-1749
2482
5324
0
2866
5143
-1378
2866
3758
-1007
2482
5143
-1378
2866
3891
0
2482
3758
-1007
2482
2745
-735
1433
3758
-1007
2482
2842
0
1433
2745
-735
1433
2374
-636
0
2745
-735
1433
2458
0
0
2374
-636
0
2745
-735
-1433
2374
-636
0
2842
0
-1433
2745
-735
-1433
3758
-1007
-2482
2745
-735
-1433
3891
0
-2482
3758
-1007
-2482
5143
-1378
-2866
3758
-1007
-2482
5324
0
-2866
5143
-1378
-2866
6527
-1749
-2482
5143
-1378
-2866
6757
0
-2482
6527
-1749
-2482
7540
-2020
-1433
6527
-1749
-2482
7806
0
-1433
7540
-2020
-1433
7911
-2119
0
7540
-2020
-1433
6761
-3903
1433
7093
-4095
0
7093
-4095
0
7911
-2119
0
7540
-2020
1433
6761
-3903
1433
5852
-3378
2482
6761
-3903
1433
6527
-1749
2482
5852
-3378
2482
4611
-2662
2866
5852
-3378
2482
5143
-1378
2866
4611
-2662
2866
3370
-1945
2482
4611
-2662
2866
3758
-1007
2482
3370
-1945
2482
2461
-1421
1433
3370
-1945
2482
2745
-735
1433
2461
-1421
1433
2128
-1229
0
2461
-1421
1433
2374
-636
0
2128
-1229
0
2461
-1421
-1433
2128
-1229
0
2745
-735
-1433
2461
-1421
-1433
3370
-1945
-2482
2461
-1421
-1433
3758
-1007
-2482
3370
-1945
-2482
4611
-2662
-2866
3370
-1945
-2482
5143
-1378
-2866
4611
-2662
-2866
5852
-3378
-2482
4611
-2662
-2866
6527
-1749
-2482
5852
-3378
-2482
6761
-3903
-1433
5852
-3378
-2482
7540
-2020
-1433
6761
-3903
-1433
7093
-4095
0
6761
-3903
-1433
5520
-5520
1433
5791
-5791
0
5791
-5791
0
7093
-4095
0
6761
-3903
1433
5520
-5520
1433
4778
-4778
2482
5520
-5520
1433
5852
-3378
2482
4778
-4778
2482
3765
-3765
2866
4778
-4778
2482
4611
-2662
2866
3765
-3765
2866
2751
-2751
2482
3765
-3765
2866
3370
-1945
2482
2751
-2751
2482
2009
-2009
1433
2751
-2751
2482
2461
-1421
1433
2009
-2009
1433
1738
-1738
0
2009
-2009
1433
2128
-1229
0
1738
-1738
0
2009
-2009
-1433
1738
-1738
0
2461
-1421
-1433
2009
-2009
-1433
2751
-2751
-2482
2009
-2009
-1433
3370
-1945
-2482
2751
-2751
-2482
3765
-3765
-2866
2751
-2751
-2482
4611
-2662
-2866
3765
-3765
-2866
4778
-4778
-2482
3765
-3765
-2866
5852
-3378
-2482
4778
-4778
-2482
5520
-5520
-1433
4778
-4778
-2482
6761
-3903
-1433
5520
-5520
-1433
5791
-5791
0
5520
-5520
-1433
3903
-6761
1433
4095
-7093
0
4095
-7093
0
5791
-5791
0
5520
-5520
1433
3903
-6761
1433
3378
-5852
2482
3903
-6761
1433
4778
-4778
2482
3378
-5852
2482
2662
-4611
2866
3378
-5852
2482
3765
-3765
2866
2662
-4611
2866
1945
-3370
2482
2662
-4611
2866
2751
-2751
2482
1945
-3370
2482
1421
-2461
1433
1945
-3370
2482
2009
-2009
1433
1421
-2461
1433
1229
-2128
0
1421
-2461
1433
1738
-1738
0
1229
-2128
0
1421
-2461
-1433
1229
-2128
0
2009
-2009
-1433
1421
-2461
-1433
1945
-3370
-2482
1421
-2461
-1433
2751
-2751
-2482
1945
-3370
-2482
2662
-4611
-2866
1945
-3370
-2482
3765
-3765
-2866
2662
-4611
-2866
3378
-5852
-2482
2662
-4611
-2866
4778
-4778
-2482
3378
-5852
-2482
3903
-6761
-1433
3378
-5852
-2482
5520
-5520
-1433
3903
-6761
-1433
4095
-7093
0
3903
-6761
-1433
2020
-7540
1433
2119
-7911
0
2119
-7911
0
4095
-7093
0
3903
-6761
1433
2020
-7540
1433
1749
-6527
2482
2020
-7540
1433
3378
-5852
2482
1749
-6527
2482
1378
-5143
2866
1749
-6527
2482
2662
-4611
2866
1378
-5143
2866
1007
-3758
2482
1378
-5143
2866
1945
-3370
2482
1007
-3758
2482
735
-2745
1433
1007
-3758
2482
1421
-2461
1433
735
-2745
1433
636
-2374
0
735
-2745
1433
1229
-2128
0
636
-2374
0
735
-2745
-1433
636
-2374
0
1421
-2461
-1433
735
-2745
-1433
1007
-3758
-2482
735
-2745
-1433
1945
-3370
-2482
1007
-3758
-2482
1378
-5143
-2866
1007
-3758
-2482
2662
-4611
-2866
1378
-5143
-2866
1749
-6527
-2482
1378
-5143
-2866
3378
-5852
-2482
1749
-6527
-2482
2020
-7540
-1433
1749
-6527
-2482
3903
-6761
-1433
2020
-7540
-1433
2119
-7911
0
2020
-7540
-1433
0
-7806
1433
0
-8191
0
0
-8191
0
2119
-7911
0
2020
-7540
1433
0
-7806
1433
0
-6757
2482
0
-7806
1433
1749
-6527
2482
0
-6757
2482
0
-5324
2866
0
-6757
2482
1378
-5143
2866
0
-5324
2866
0
-3891
2482
0
-5324
2866
1007
-3758
2482
0
-3891
2482
0
-2842
1433
0
-3891
2482
735
-2745
1433
0
-2842
1433
0
-2458
0
0
-2842
1433
636
-2374
0
0
-2458
0
0
-2842
-1433
0
-2458
0
735
-2745
-1433
0
-2842
-1433
0
-3891
-2482
0
-2842
-1433
1007
-3758
-2482
0
-3891
-2482
0
-5324
-2866
0
-3891
-2482
1378
-5143
-2866
0
-5324
-2866
0
-6757
-2482
0
-5324
-2866
1749
-6527
-2482
0
-6757
-2482
0
-7806
-1433
0
-6757
-2482
2020
-7540
-1433
0
-7806
-1433
0
-8191
0
0
-7806
-1433
-2020
-7540
1433
-2119
-7911
0
-2119
-7911
0
0
-8191
0
0
-7806
1433
-2020
-7540
1433
-1749
-6527
2482
-2020
-7540
1433
0
-6757
2482
-1749
-6527
2482
-1378
-5143
2866
-1749
-6527
2482
0
-5324
2866
-1378
-5143
2866
-1007
-3758
2482
-1378
-5143
2866
0
-3891
2482
-1007
-3758
2482
-735
-2745
1433
-1007
-3758
2482
0
-2842
1433
-735
-2745
1433
-636
-2374
0
-735
-2745
1433
0
-2458
0
-636
-2374
0
-735
-2745
-1433
-636
-2374
0
0
-2842
-1433
-735
-2745
-1433
-1007
-3758
-2482
-735
-2745
-1433
0
-3891
-2482
-1007
-3758
-2482
-1378
-5143
-2866
-1007
-3758
-2482
0
-5324
-2866
-1378
-5143
-2866
-1749
-6527
-2482
-1378
-5143
-2866
0
-6757
-2482
-1749
-6527
-2482
-2020
-7540
-1433
-1749
-6527
-2482
0
-7806
-1433
-2020
-7540
-1433
-2119
-7911
0
-2020
-7540
-1433
-3903
-6761
1433
-4095
-7093
0
-4095
-7093
0
-2119
-7911
0
-2020
-7540
1433
-3903
-6761
1433
-3378
-5852
2482
-3903
-6761
1433
-1749
-6527
2482
-3378
-5852
2482
-2662
-4611
2866
-3378
-5852
2482
-1378
-5143
2866
-2662
-4611
2866
-1945
-3370
2482
-2662
-4611
2866
-1007
-3758
2482
-1945
-3370
2482
-1421
-2461
1433
-1945
-3370
2482
-735
-2745
1433
-1421
-2461
1433
-1229
-2128
0
-1421
-2461
1433
-636
-2374
0
-1229
-2128
0
-1421
-2461
-1433
-1229
-2128
0
-735
-2745
-1433
-1421
-2461
-1433
-1945
-3370
-2482
-1421
-2461
-1433
-1007
-3758
-2482
-1945
-3370
-2482
-2662
-4611
-2866
-1945
-3370
-2482
-1378
-5143
-2866
-2662
-4611
-2866
-3378
-5852
-2482
-2662
-4611
-2866
-1749
-6527
-2482
-3378
-5852
-2482
-3903
-6761
-1433
-3378
-5852
-2482
-2020
-7540
-1433
-3903
-6761
-1433
-4095
-7093
0
-3903
-6761
-1433
-5520
-5520
1433
-5791
-5791
0
-5791
-5791
0
-4095
-7093
0
-3903
-6761
1433
-5520
-5520
1433
-4778
-4778
2482
-5520
-5520
1433
-3378
-5852
2482
-4778
-4778
2482
-3765
-3765
2866
-4778
-4778
2482
-2662
-4611
2866
-3765
-3765
2866
-2751
-2751
2482
-3765
-3765
2866
-1945
-3370
2482
-2751
-2751
2482
-2009
-2009
1433
-2751
-2751
2482
-1421
-2461
1433
-2009
-2009
1433
-1738
-1738
0
-2009
-2009
1433
-1229
-2128
0
-1738
-1738
0
-2009
-2009
-1433
-1738
-1738
0
-1421
-2461
-1433
-2009
-2009
-1433
-2751
-2751
-2482
-2009
-2009
-1433
-1945
-3370
-2482
-2751
-2751
-2482
-3765
-3765
-2866
-2751
-2751
-2482
-2662
-4611
-2866
-3765
-3765
-2866
-4778
-4778
-2482
-3765
-3765
-2866
-3378
-5852
-2482
-4778
-4778
-2482
-5520
-5520
-1433
-4778
-4778
-2482
-3903
-6761
-1433
-5520
-5520
-1433
-5791
-5791
0
-5520
-5520
-1433
-6761
-3903
1433
-7093
-4095
0
-7093
-4095
0
-5791
-5791
0
-5520
-5520
1433
-6761
-3903
1433
-5852
-3378
2482
-6761
-3903
1433
-4778
-4778
2482
-5852
-3378
2482
-4611
-2662
2866
-5852
-3378
2482
-3765
-3765
2866
-4611
-2662
2866
-3370
-1945
2482
-4611
-2662
2866
-2751
-2751
2482
-3370
-1945
2482
-2461
-1421
1433
-3370
-1945
2482
-2009
-2009
1433
-2461
-1421
1433
-2128
-1229
0
-2461
-1421
1433
-1738
-1738
0
-2128
-1229
0
-2461
-1421
-1433
-2128
-1229
0
-2009
-2009
-1433
-2461
-1421
-1433
-3370
-1945
-2482
-2461
-1421
-1433
-2751
-2751
-2482
-3370
-1945
-2482
-4611
-2662
-2866
-3370
-1945
-2482
-3765
-3765
-2866
-4611
-2662
-2866
-5852
-3378
-2482
-4611
-2662
-2866
-4778
-4778
-2482
-5852
-3378
-2482
-6761
-3903
-1433
-5852
-3378
-2482
-5520
-5520
-1433
-6761
-3903
-1433
-7093
-4095
0
-6761
-3903
-1433
-7540
-2020
1433
-7911
-2119
0
-7911
-2119
0
-7093
-4095
0
-6761
-3903
1433
-7540
-2020
1433
-6527
-1749
2482
-7540
-2020
1433
-5852
-3378
2482
-6527
-1749
2482
-5143
-1378
2866
-6527
-1749
2482
-4611
-2662
2866
-5143
-1378
2866
-3758
-1007
2482
-5143
-1378
2866
-3370
-1945
2482
-3758
-1007
2482
-2745
-735
1433
-3758
-1007
2482
-2461
-1421
1433
-2745
-735
1433
-2374
-636
0
-2745
-735
1433
-2128
-1229
0
-2374
-636
0
-2745
-735
-1433
-2374
-636
0
-2461
-1421
-1433
-2745
-735
-1433
-3758
-1007
-2482
-2745
-735
-1433
-3370
-1945
-2482
-3758
-1007
-2482
-5143
-1378
-2866
-3758
-1007
-2482
-4611
-2662
-2866
-5143
-1378
-2866
-6527
-1749
-2482
-5143
-1378
-2866
-5852
-3378
-2482
-6527
-1749
-2482
-7540
-2020
-1433
-6527
-1749
-2482
-6761
-3903
-1433
-7540
-2020
-1433
-7911
-2119
0
-7540
-2020
-1433
-7806
0
1433
-8191
0
0
-8191
0
0
-7911
-2119
0
-7540
-2020
1433
-7806
0
1433
-6757
0
2482
-7806
0
1433
-6527
-1749
2482
-6757
0
2482
-5324
0
2866
-6757
0
2482
-5143
-1378
2866
-5324
0
2866
-3891
0
2482
-5324
0
2866
-3758
-1007
2482
-3891
0
2482
-2842
0
1433
-3891
0
2482
-2745
-735
1433
-2842
0
1433
-2458
0
0
-2842
0
1433
-2374
-636
0
-2458
0
0
-2842
0
-1433
-2458
0
0
-2745
-735
-1433
-2842
0
-1433
-3891
0
-2482
-2842
0
-1433
-3758
-1007
-2482
-3891
0
-2482
-5324
0
-2866
-3891
0
-2482
-5143
-1378
-2866
-5324
0
-2866
-6757
0
-2482
-5324
0
-2866
-6527
-1749
-2482
-6757
0
-2482
-7806
0
-1433
-6757
0
-2482
-7540
-2020
-1433
-7806
0
-1433
-8191
0
0
-7806
0
-1433
-7540
2020
1433
-7911
2119
0
-7911
2119
0
-8191
0
0
-7806
0
1433
-7540
2020
1433
-6527
1749
2482
-7540
2020
1433
-6757
0
2482
-6527
1749
2482
-5143
1378
2866
-6527
1749
2482
-5324
0
2866
-5143
1378
2866
-3758
1007
2482
-5143
1378
2866
-3891
0
2482
-3758
1007
2482
-2745
735
1433
-3758
1007
2482
-2842
0
1433
-2745
735
1433
-2374
636
0
-2745
735
1433
-2458
0
0
-2374
636
0
-2745
735
-1433
-2374
636
0
-2842
0
-1433
-2745
735
-1433
-3758
1007
-2482
-2745
735
-1433
-3891
0
-2482
-3758
1007
-2482
-5143
1378
-2866
-3758
1007
-2482
-5324
0
-2866
-5143
1378
-2866
-6527
1749
-2482
-5143
1378
-2866
-6757
0
-2482
-6527
1749
-2482
-7540
2020
-1433
-6527
1749
-2482
-7806
0
-1433
-7540
2020
-1433
-7911
2119
0
-7540
2020
-1433
-6761
3903
1433
-7093
4095
0
-7093
4095
0
-7911
2119
0
-7540
2020
1433
-6761
3903
1433
-5852
3378
2482
-6761
3903
1433
-6527
1749
2482
-5852
3378
2482
-4611
2662
2866
-5852
3378
2482
-5143
1378
2866
-4611
2662
2866
-3370
1945
2482
-4611
2662
2866
-3758
1007
2482
-3370
1945
2482
-2461
1421
1433
-3370
1945
2482
-2745
735
1433
-2461
1421
1433
-2128
1229
0
-2461
1421
1433
-2374
636
0
-2128
1229
0
-2461
1421
-1433
-2128
1229
0
-2745
735
-1433
-2461
1421
-1433
-3370
1945
-2482
-2461
1421
-1433
-3758
1007
-2482
-3370
1945
-2482
-4611
2662
-2866
-3370
1945
-2482
-5143
1378
-2866
-4611
2662
-2866
-5852
3378
-2482
-4611
2662
-2866
-6527
1749
-2482
-5852
3378
-2482
-6761
3903
-1433
-5852
3378
-2482
-7540
2020
-1433
-6761
3903
-1433
-7093
4095
0
-6761
3903
-1433
-5520
5520
1433
-5791
5791
0
-5791
5791
0
-7093
4095
0
-6761
3903
1433
-5520
5520
1433
-4778
4778
2482
-5520
5520
1433
-5852
3378
2482
-4778
4778
2482
-3765
3765
2866
-4778
4778
2482
-4611
2662
2866
-3765
3765
2866
-2751
2751
2482
-3765
3765
2866
-3370
1945
2482
-2751
2751
2482
-2009
2009
1433
-2751
2751
2482
-2461
1421
1433
-2009
2009
1433
-1738
1738
0
-2009
2009
1433
-2128
1229
0
-1738
1738
0
-2009
2009
-1433
-1738
1738
0
-2461
1421
-1433
-2009
2009
-1433
-2751
2751
-2482
-2009
2009
-1433
-3370
1945
-2482
-2751
2751
-2482
-3765
3765
-2866
-2751
2751
-2482
-4611
2662
-2866
-3765
3765
-2866
-4778
4778
-2482
-3765
3765
-2866
-5852
3378
-2482
-4778
4778
-2482
-5520
5520
-1433
-4778
4778
-2482
-6761
3903
-1433
-5520
5520
-1433
-5791
5791
0
-5520
5520
-1433
-3903
6761
1433
-4095
7093
0
-4095
7093
0
-5791
5791
0
-5520
5520
1433
-3903
6761
1433
-3378
5852
2482
-3903
6761
1433
-4778
4778
2482
-3378
5852
2482
-2662
4611
2866
-3378
5852
2482
-3765
3765
2866
-2662
4611
2866
-1945
3370
2482
-2662
4611
2866
-2751
2751
2482
-1945
3370
2482
-1421
2461
1433
-1945
3370
2482
-2009
2009
1433
-1421
2461
1433
-1229
2128
0
-1421
2461
1433
-1738
1738
0
-1229
2128
0
-1421
2461
-1433
-1229
2128
0
-2009
2009
-1433
-1421
2461
-1433
-1945
3370
-2482
-1421
2461
-1433
-2751
2751
-2482
-1945
3370
-2482
-2662
4611
-2866
-1945
3370
-2482
-3765
3765
-2866
-2662
4611
-2866
-3378
5852
-2482
-2662
4611
-2866
-4778
4778
-2482
-3378
5852
-2482
-3903
6761
-1433
-3378
5852
-2482
-5520
5520
-1433
-3903
6761
-1433
-4095
7093
0
-3903
6761
-1433
-2020
7540
1433
-2119
7911
0
-2119
7911
0
-4095
7093
0
-3903
6761
1433
-2020
7540
1433
-1749
6527
2482
-2020
7540
1433
-3378
5852
2482
-1749
6527
2482
-1378
5143
2866
-1749
6527
2482
-2662
4611
2866
-1378
5143
2866
-1007
3758
2482
-1378
5143
2866
-1945
3370
2482
-1007
3758
2482
-735
2745
1433
-1007
3758
2482
-1421
2461
1433
-735
2745
1433
-636
2374
0
-735
2745
1433
-1229
2128
0
-636
2374
0
-735
2745
-1433
-636
2374
0
-1421
2461
-1433
-735
2745
-1433
-1007
3758
-2482
-735
2745
-1433
-1945
3370
-2482
-1007
3758
-2482
-1378
5143
-2866
-1007
3758
-2482
-2662
4611
-2866
-1378
5143
-2866
-1749
6527
-2482
-1378
5143
-2866
-3378
5852
-2482
-1749
6527
-2482
-2020
7540
-1433
-1749
6527
-2482
-3903
6761
-1433
-2020
7540
-1433
-2119
7911
0
-2020
7540
-1433
0
8191
0
-2119
7911
0
-2020
7540
1433
0
7806
1433
-1749
6527
2482
0
6757
2482
-1378
5143
2866
0
5324
2866
-1007
3758
2482
0
3891
2482
-735
2745
1433
0
2842
1433
-636
2374
0
0
2458
0
-735
2745
-1433
0
2842
-1433
-1007
3758
-2482
0
3891
-2482
-1378
5143
-2866
0
5324
-2866
-1749
6527
-2482
0
6757
-2482
-2020
7540
-1433
0
7806
-1433
