610
-6867
3195
411
-6931
3170
411
-6931
3170
548
-6869
3144
548
-6869
3144
610
-6867
3195
1244
-3759
1933
1063
-3726
2490
1063
-3726
2490
1371
-4150
2482
1371
-4150
2482
1244
-3759
1933
411
-6931
3170
510
-6879
3133
510
-6879
3133
548
-6869
3144
1017
4262
-297
1111
4624
-1675
1111
4624
-1675
1004
3958
-1379
1004
3958
-1379
1017
4262
-297
-791
-4751
1710
-636
-5141
1590
-636
-5141
1590
-1086
-5744
2704
-1086
-5744
2704
-791
-4751
1710
627
-6905
3306
411
-6931
3170
411
-6931
3170
627
-6875
3231
627
-6875
3231
627
-6905
3306
18
-5500
1442
0
-6068
1822
0
-6068
1822
-456
-6099
2057
-456
-6099
2057
18
-5500
1442
999
-1625
-344
1121
-1780
-115
1121
-1780
-115
1502
-2433
-195
1502
-2433
-195
999
-1625
-344
-538
-188
3119
-569
-1441
3273
-569
-1441
3273
0
-1224
3279
0
-1224
3279
-538
-188
3119
610
-6867
3195
627
-6875
3231
-1102
-1635
-916
-991
-1954
-827
-991
-1954
-827
-1267
-2453
-3400
-1267
-2453
-3400
-1102
-1635
-916
-999
-1625
-344
-1121
-1780
-115
-1121
-1780
-115
-880
-87
-21
-880
-87
-21
-999
-1625
-344
-1035
857
2228
-1225
-318
2318
-1225
-318
2318
-1149
-330
2672
-1149
-330
2672
-1035
857
2228
-303
-4445
794
0
-4619
818
0
-4619
818
-346
-5264
1311
-346
-5264
1311
-303
-4445
794
-1946
-2903
-4309
-1965
-2972
-4564
-1965
-2972
-4564
-1946
-3010
-4571
-1946
-3010
-4571
-1946
-2903
-4309
-1664
-2834
-145
-1502
-1961
-907
-1502
-1961
-907
-1764
-2443
-3279
-1764
-2443
-3279
-1664
-2834
-145
-87
-7551
1894
-168
-7415
1926
-168
-7415
1926
48
-7553
1721
48
-7553
1721
-87
-7551
1894
-1655
-2708
-1426
-1664
-2834
-145
-1764
-2443
-3279
-1655
-2708
-1426
1295
1676
486
1016
2011
-374
1016
2011
-374
1556
2637
-950
1556
2637
-950
1295
1676
486
-1250
4220
-36
-1582
3795
169
-1582
3795
169
-875
4098
1080
-875
4098
1080
-1250
4220
-36
569
-1441
3273
1149
-330
2672
1149
-330
2672
561
-176
3106
561
-176
3106
569
-1441
3273
-1245
4649
-4656
-1678
4200
-4643
-1678
4200
-4643
-1802
4631
-4571
-1802
4631
-4571
-1245
4649
-4656
471
3448
-19
279
2884
-126
279
2884
-126
0
3563
118
0
3563
118
471
3448
-19
1181
-2987
2517
1510
-2474
1734
1510
-2474
1734
1300
-2023
1869
1300
-2023
1869
1181
-2987
2517
1070
1900
2195
794
2032
2646
794
2032
2646
763
909
2771
763
909
2771
1070
1900
2195
-1612
-3329
666
-1565
-2959
1808
-1565
-2959
1808
-1510
-2474
1734
-1510
-2474
1734
-1612
-3329
666
-1245
4649
-4656
-1374
4102
-4661
-1374
4102
-4661
-1678
4200
-4643
303
-6975
1978
48
-7553
1721
48
-7553
1721
257
-6849
1863
257
-6849
1863
303
-6975
1978
458
-6205
2052
527
-6662
2021
527
-6662
2021
257
-6849
1863
257
-6849
1863
458
-6205
2052
-1549
-2391
784
-1510
-2474
1734
-1510
-2474
1734
-1318
-1918
1057
-1318
-1918
1057
-1549
-2391
784
411
-6931
3170
411
-6988
3311
411
-6988
3311
393
-6950
3201
393
-6950
3201
411
-6931
3170
485
-5456
4246
902
-5463
4153
902
-5463
4153
625
-4827
3990
625
-4827
3990
485
-5456
4246
627
-6905
3306
582
-6944
3360
582
-6944
3360
411
-6931
3170
-1892
-2555
-4336
-1726
-3080
-4213
-1726
-3080
-4213
-1473
-2726
-4078
-1473
-2726
-4078
-1892
-2555
-4336
-965
1589
407
-657
966
265
-657
966
265
-1295
1676
486
-1295
1676
486
-965
1589
407
1086
-5744
2704
1054
-5450
2735
1054
-5450
2735
1159
-5899
3727
1159
-5899
3727
1086
-5744
2704
-1035
857
2228
-1070
1900
2195
-1070
1900
2195
-1370
1631
1964
-1370
1631
1964
-1035
857
2228
569
-1441
3273
510
-2753
3711
510
-2753
3711
888
-2496
3410
888
-2496
3410
569
-1441
3273
1088
-3485
2983
828
-3183
3085
828
-3183
3085
940
-3684
3561
940
-3684
3561
1088
-3485
2983
-1674
-2507
-3874
-1655
-2708
-1426
-1764
-2443
-3279
-1674
-2507
-3874
-546
-5424
4231
-676
-6091
4229
-676
-6091
4229
240
-6203
4302
240
-6203
4302
-546
-5424
4231
1678
2926
1048
1682
2053
951
1682
2053
951
1737
3006
559
1737
3006
559
1678
2926
1048
0
-1224
3279
561
-176
3106
561
-176
3106
-538
-188
3119
-1156
-5625
3883
-927
-4818
3841
-927
-4818
3841
-1159
-5899
3727
-1159
-5899
3727
-1156
-5625
3883
1288
-169
1134
1075
789
1620
1075
789
1620
1380
-1327
2404
1380
-1327
2404
1288
-169
1134
-498
-6930
3273
-470
-6915
3252
-470
-6915
3252
-483
-7074
3400
-483
-7074
3400
-498
-6930
3273
-1336
-2843
-1177
-1100
-2705
-1055
-1100
-2705
-1055
-973
-2961
-492
-973
-2961
-492
-1336
-2843
-1177
1245
4649
-4656
1374
4102
-4661
1374
4102
-4661
1072
4428
-4490
1072
4428
-4490
1245
4649
-4656
-676
-6091
4229
0
-6876
4025
0
-6876
4025
240
-6203
4302
-831
-3477
100
-663
-3138
-130
-663
-3138
-130
0
-3411
-73
0
-3411
-73
-831
-3477
100
1764
-2443
-3279
1591
-2249
-4190
1591
-2249
-4190
1242
-1546
-723
1242
-1546
-723
1764
-2443
-3279
-1678
2926
1048
-1682
2053
951
-1682
2053
951
-1567
1449
1616
-1567
1449
1616
-1678
2926
1048
-1938
4108
-4548
-1957
4213
-4274
-1957
4213
-4274
-1802
4631
-4571
-1802
4631
-4571
-1938
4108
-4548
-527
-6662
2021
-456
-6099
2057
-456
-6099
2057
-257
-6849
1863
-257
-6849
1863
-527
-6662
2021
485
-5456
4246
728
-5992
4240
728
-5992
4240
902
-5463
4153
161
-7974
2228
425
-7423
2256
425
-7423
2256
132
-8190
2286
132
-8190
2286
161
-7974
2228
791
-4751
1710
1054
-5450
2735
1086
-5744
2704
791
-4751
1710
0
3364
2855
337
3274
2723
337
3274
2723
331
3802
2417
331
3802
2417
0
3364
2855
411
-6988
3311
393
-6980
3276
393
-6980
3276
393
-6950
3201
728
-5992
4240
240
-6203
4302
240
-6203
4302
727
-6424
4048
727
-6424
4048
728
-5992
4240
411
-6931
3170
472
-6986
3363
472
-6986
3363
411
-6988
3311
0
-4619
818
-489
-4179
822
-489
-4179
822
0
-3869
474
0
-3869
474
0
-4619
818
582
-6944
3360
548
-6962
3373
548
-6962
3373
411
-6931
3170
548
-6962
3373
472
-6986
3363
-727
-6424
4048
-676
-6091
4229
-676
-6091
4229
-1202
-6097
4726
-1202
-6097
4726
-727
-6424
4048
-1721
-3122
-4726
-1962
-2984
-4568
-1962
-2984
-4568
-1965
-2972
-4564
-1965
-2972
-4564
-1721
-3122
-4726
592
-6786
2959
555
-6865
3230
555
-6865
3230
503
-6860
3227
503
-6860
3227
592
-6786
2959
-188
6277
21
-203
4464
1897
-203
4464
1897
0
6287
345
0
6287
345
-188
6277
21
1703
3968
-4173
1131
4043
-4334
1131
4043
-4334
1624
3757
-4519
1624
3757
-4519
1703
3968
-4173
-348
-7234
2888
-149
-8131
2341
-149
-8131
2341
-269
-7062
3147
-269
-7062
3147
-348
-7234
2888
411
-6931
3170
472
-6894
3134
472
-6894
3134
510
-6879
3133
-1016
2011
-374
-1295
1676
486
-1295
1676
486
-1556
2637
-950
-1556
2637
-950
-1016
2011
-374
-875
4098
1080
-189
4100
1533
-189
4100
1533
-612
4164
906
-612
4164
906
-875
4098
1080
-967
2923
-1011
-1138
3746
-2004
-1138
3746
-2004
-1004
3958
-1379
-1004
3958
-1379
-967
2923
-1011
-927
-4818
3841
-546
-5424
4231
-546
-5424
4231
-166
-4864
4064
-166
-4864
4064
-927
-4818
3841
-1457
5001
-2679
-1793
3367
-221
-1793
3367
-221
-1518
4473
-1626
-1518
4473
-1626
-1457
5001
-2679
-1202
-6097
4726
-1096
-5983
4395
-1096
-5983
4395
-727
-6424
4048
-1549
-2391
784
-1664
-2834
-145
-1664
-2834
-145
-1612
-3329
666
-1612
-3329
666
-1549
-2391
784
-1035
857
2228
-763
909
2771
-763
909
2771
-1070
1900
2195
1584
-2995
-370
973
-2961
-492
973
-2961
-492
1336
-2843
-1177
1336
-2843
-1177
1584
-2995
-370
763
909
2771
1035
857
2228
1035
857
2228
1070
1900
2195
1102
-1635
-916
1265
-1748
-1538
1265
-1748
-1538
1241
-2085
-3571
1241
-2085
-3571
1102
-1635
-916
-1138
3746
-2004
-1527
3267
-1629
-1527
3267
-1629
-1449
4477
-2564
-1449
4477
-2564
-1138
3746
-2004
-875
4098
1080
-1107
3772
1421
-1107
3772
1421
-688
3935
1734
-688
3935
1734
-875
4098
1080
-1380
-1327
2404
-1253
-2530
3058
-1253
-2530
3058
-1072
-1436
2776
-1072
-1436
2776
-1380
-1327
2404
-1275
4491
-2709
-1161
4926
-2557
-1161
4926
-2557
-1138
3746
-2004
-1138
3746
-2004
-1275
4491
-2709
0
-7609
1868
87
-7537
1882
87
-7537
1882
0
-7827
1890
0
-7827
1890
0
-7609
1868
-688
3935
1734
-189
4100
1533
1565
-2959
1808
1580
-3525
1405
1580
-3525
1405
1612
-3329
666
1612
-3329
666
1565
-2959
1808
-1780
3904
-4679
-1935
4095
-4553
-1935
4095
-4553
-1938
4108
-4548
-1938
4108
-4548
-1780
3904
-4679
625
-4827
3990
-166
-4864
4064
-166
-4864
4064
485
-5456
4246
1582
3795
169
1250
4220
-36
1250
4220
-36
867
4128
1054
867
4128
1054
1582
3795
169
-269
-7062
3147
-483
-7074
3400
-470
-6915
3252
-269
-7062
3147
-1222
-4081
2955
-940
-3684
3561
-940
-3684
3561
-1088
-3485
2983
-1088
-3485
2983
-1222
-4081
2955
1938
4108
-4548
1780
3904
-4679
1780
3904
-4679
1678
4200
-4643
1678
4200
-4643
1938
4108
-4548
-459
-6887
3240
-468
-6871
3232
-468
-6871
3232
-269
-7062
3147
-269
-7062
3147
-459
-6887
3240
-1188
-4876
2945
-1159
-5899
3727
-927
-4818
3841
-1188
-4876
2945
-489
-4179
822
-1356
-3759
950
-1356
-3759
950
-1385
-3562
583
-1385
-3562
583
-489
-4179
822
1072
4428
-4490
1131
4043
-4334
1131
4043
-4334
1203
4943
-4053
1203
4943
-4053
1072
4428
-4490
-880
-87
-21
-657
966
265
-657
966
265
-355
-140
-255
-355
-140
-255
-880
-87
-21
411
-6931
3170
380
-6839
3122
380
-6839
3122
430
-6812
3104
430
-6812
3104
411
-6931
3170
411
-6931
3170
340
-6867
3157
340
-6867
3157
380
-6839
3122
430
-6812
3104
472
-6894
3134
472
-6894
3134
411
-6931
3170
-1241
-2085
-3571
-1102
-1635
-916
-1267
-2453
-3400
-1241
-2085
-3571
430
-6812
3104
510
-6879
3133
510
-6879
3133
472
-6894
3134
1161
4926
-2557
1198
5198
-2045
1198
5198
-2045
1203
4943
-4053
1203
4943
-4053
1161
4926
-2557
0
4054
2497
-203
4464
1897
-203
4464
1897
-331
3802
2417
-331
3802
2417
0
4054
2497
411
-6931
3170
393
-6950
3201
393
-6950
3201
314
-6895
3203
314
-6895
3203
411
-6931
3170
1802
4631
-4571
1938
4108
-4548
1678
4200
-4643
1802
4631
-4571
314
-6895
3203
340
-6867
3157
610
-6867
3195
632
-6774
3194
632
-6774
3194
658
-6785
3247
658
-6785
3247
610
-6867
3195
1198
5198
-2045
1552
4982
-4045
1552
4982
-4045
1203
4943
-4053
658
-6785
3247
627
-6875
3231
627
-6875
3231
610
-6867
3195
719
3024
2518
1044
2600
1981
1044
2600
1981
1437
3231
1584
1437
3231
1584
719
3024
2518
1556
2637
-950
1742
3007
-898
1742
3007
-898
1629
2415
-99
1629
2415
-99
1556
2637
-950
542
-6777
3118
548
-6869
3144
548
-6869
3144
510
-6879
3133
510
-6879
3133
542
-6777
3118
-1217
2876
-1374
-1016
2011
-374
-1556
2637
-950
-1217
2876
-1374
610
-6867
3195
548
-6869
3144
542
-6777
3118
610
-6867
3195
610
-6867
3195
592
-6771
3150
592
-6771
3150
632
-6774
3194
542
-6777
3118
592
-6771
3150
582
-6944
3360
592
-6887
3437
592
-6887
3437
542
-6913
3456
542
-6913
3456
582
-6944
3360
582
-6944
3360
627
-6905
3306
627
-6905
3306
592
-6887
3437
542
-6913
3456
548
-6962
3373
548
-6962
3373
582
-6944
3360
1617
4604
-4025
1802
4631
-4571
1802
4631
-4571
1552
4982
-4045
1552
4982
-4045
1617
4604
-4025
-483
-7074
3400
19
-7318
3078
19
-7318
3078
0
-7226
3565
0
-7226
3565
-483
-7074
3400
658
-6830
3357
627
-6905
3306
627
-6905
3306
627
-6875
3231
627
-6875
3231
658
-6830
3357
458
-6205
2052
697
-6115
2354
697
-6115
2354
527
-6662
2021
-774
-6532
2750
-1159
-5899
3727
-1159
-5899
3727
-1086
-5744
2704
-1086
-5744
2704
-774
-6532
2750
627
-6905
3306
632
-6858
3403
632
-6858
3403
592
-6887
3437
658
-6830
3357
632
-6858
3403
411
-6988
3311
340
-6951
3365
340
-6951
3365
314
-6940
3312
314
-6940
3312
411
-6988
3311
411
-6988
3311
380
-6955
3410
380
-6955
3410
340
-6951
3365
314
-6940
3312
393
-6980
3276
393
-6980
3276
411
-6988
3311
642
-6693
3908
483
-7074
3400
483
-7074
3400
783
-6699
3625
783
-6699
3625
642
-6693
3908
314
-6940
3312
393
-6950
3201
393
-6950
3201
393
-6980
3276
430
-6949
3441
472
-6986
3363
472
-6986
3363
548
-6962
3373
548
-6962
3373
430
-6949
3441
-1181
-2987
2517
-828
-3183
3085
-828
-3183
3085
-1253
-2530
3058
-1253
-2530
3058
-1181
-2987
2517
411
-6988
3311
472
-6986
3363
430
-6949
3441
411
-6988
3311
-1149
-330
2672
-763
909
2771
430
-6949
3441
380
-6955
3410
-828
-3183
3085
-674
-3124
3580
-674
-3124
3580
-888
-2496
3410
-888
-2496
3410
-828
-3183
3085
1300
-2023
1869
1318
-1918
1057
1318
-1918
1057
1412
-1091
916
1412
-1091
916
1300
-2023
1869
132
-8190
2286
331
-7107
3040
331
-7107
3040
19
-7318
3078
19
-7318
3078
132
-8190
2286
486
-6791
3102
510
-6879
3133
430
-6812
3104
486
-6791
3102
-794
2032
2646
-1070
1900
2195
-763
909
2771
-794
2032
2646
-888
-2496
3410
-1253
-2530
3058
393
-6950
3201
305
-6920
3256
305
-6920
3256
314
-6895
3203
-1088
-3485
2983
-828
-3183
3085
-828
-3183
3085
-1175
-3385
2256
-1175
-3385
2256
-1088
-3485
2983
1742
3007
-898
1793
3367
-221
1793
3367
-221
1737
3006
559
1737
3006
559
1742
3007
-898
-424
-2828
3800
-674
-3124
3580
-674
-3124
3580
-575
-3721
3923
-575
-3721
3923
-424
-2828
3800
-1044
2600
1981
-719
3024
2518
-719
3024
2518
-1437
3231
1584
-1437
3231
1584
-1044
2600
1981
727
-6424
4048
1202
-6097
4726
1202
-6097
4726
728
-5992
4240
-1222
-4081
2955
-1063
-3726
2490
-1063
-3726
2490
-1371
-4150
2482
-1371
-4150
2482
-1222
-4081
2955
667
-6805
3303
627
-6875
3231
658
-6785
3247
667
-6805
3303
-1181
-2987
2517
-1175
-3385
2256
486
-6791
3102
542
-6777
3118
-1518
4473
-1626
-1348
5175
-2067
-1348
5175
-2067
-1457
5001
-2679
-1275
4491
-2709
-1449
4477
-2564
-1449
4477
-2564
-1276
4500
-3959
-1276
4500
-3959
-1275
4491
-2709
-896
-4331
1281
-1371
-4150
2482
-1371
-4150
2482
-1244
-3759
1933
-1244
-3759
1933
-896
-4331
1281
-489
-4179
822
-896
-4331
1281
-896
-4331
1281
-1082
-3973
1503
-1082
-3973
1503
-489
-4179
822
-1742
3007
-898
-1629
2415
-99
-1629
2415
-99
-1737
3006
559
-1737
3006
559
-1742
3007
-898
1380
-1327
2404
1412
-1091
916
1412
-1091
916
1288
-169
1134
-1917
4066
-4558
-1780
3904
-4679
-1780
3904
-4679
-1703
3968
-4173
-1703
3968
-4173
-1917
4066
-4558
486
-6934
3457
548
-6962
3373
542
-6913
3456
486
-6934
3457
1793
3367
-221
1457
5001
-2679
1457
5001
-2679
1518
4473
-1626
1518
4473
-1626
1793
3367
-221
0
-6068
1822
-257
-6849
1863
667
-6805
3303
658
-6830
3357
1149
-330
2672
763
909
2771
763
909
2771
561
-176
3106
-257
-6849
1863
-303
-6975
1978
-303
-6975
1978
-527
-6662
2021
-1385
-3562
583
0
-3869
474
940
-3684
3561
952
-4843
3791
952
-4843
3791
1222
-4081
2955
1222
-4081
2955
940
-3684
3561
-87
-7537
1882
0
-7827
1890
0
-7827
1890
-168
-7401
1914
-168
-7401
1914
-87
-7537
1882
-636
-5141
1590
-346
-5264
1311
-346
-5264
1311
-697
-6115
2354
-697
-6115
2354
-636
-5141
1590
314
-6940
3312
305
-6920
3256
0
7215
-860
0
8191
-464
0
8191
-464
153
7168
-531
153
7168
-531
0
7215
-860
1242
-1546
-723
1502
-1961
-907
1502
-1961
-907
1764
-2443
-3279
486
-6934
3457
430
-6949
3441
18
-5500
1442
458
-6205
2052
458
-6205
2052
0
-6068
1822
-1253
-2530
3058
-1300
-2023
1869
-1300
-2023
1869
-1181
-2987
2517
-1565
-2959
1808
-1181
-2987
2517
-1181
-2987
2517
-1510
-2474
1734
-1580
-3525
1405
-1244
-3759
1933
-1244
-3759
1933
-1175
-3385
2256
-1175
-3385
2256
-1580
-3525
1405
-1565
-2959
1808
-1175
-3385
2256
1567
1449
1616
1075
789
1620
1075
789
1620
1682
2053
951
1682
2053
951
1567
1449
1616
-548
-6962
3373
-430
-6949
3441
-430
-6949
3441
-486
-6934
3457
-486
-6934
3457
-548
-6962
3373
-1203
4943
-4053
-1276
4500
-3959
-1276
4500
-3959
-1131
4043
-4334
-1131
4043
-4334
-1203
4943
-4053
97
6337
-473
153
7168
-531
153
7168
-531
188
6277
21
188
6277
21
97
6337
-473
-393
-6950
3201
-305
-6920
3256
-305
-6920
3256
-314
-6940
3312
-314
-6940
3312
-393
-6950
3201
-1591
-2249
-4190
-1242
-1546
-723
-1242
-1546
-723
-1265
-1748
-1538
-1265
-1748
-1538
-1591
-2249
-4190
-1617
4604
-4025
-1957
4213
-4274
-1957
4213
-4274
-1703
3968
-4173
-1703
3968
-4173
-1617
4604
-4025
577
-6881
3237
555
-6865
3230
592
-6786
2959
577
-6881
3237
-1414
3749
1091
-1582
3795
169
-1582
3795
169
-1737
3006
559
-1737
3006
559
-1414
3749
1091
1245
4649
-4656
1678
4200
-4643
1678
4200
-4643
1374
4102
-4661
-1682
2053
951
-1629
2415
-99
-1629
2415
-99
-1295
1676
486
-1295
1676
486
-1682
2053
951
-627
-6875
3231
-658
-6830
3357
-658
-6830
3357
-667
-6805
3303
-667
-6805
3303
-627
-6875
3231
1780
3904
-4679
1374
4102
-4661
-166
-4864
4064
-575
-3721
3923
-575
-3721
3923
-927
-4818
3841
-486
-6934
3457
-542
-6913
3456
-542
-6913
3456
-548
-6962
3373
-269
-7062
3147
-592
-6786
2959
-592
-6786
2959
-348
-7234
2888
-1502
-2433
-195
-999
-1625
-344
-999
-1625
-344
-1502
-1961
-907
-1502
-1961
-907
-1502
-2433
-195
898
932
669
1145
-57
410
1145
-57
410
880
-87
-21
880
-87
-21
898
932
669
-470
-6915
3252
-459
-6887
3240
-1437
3231
1584
-1107
3772
1421
-1107
3772
1421
-1678
2926
1048
-1678
2926
1048
-1437
3231
1584
972
3637
1885
719
3024
2518
1437
3231
1584
972
3637
1885
1380
-1327
2404
1253
-2530
3058
1253
-2530
3058
1412
-1091
916
-510
-6879
3133
-542
-6777
3118
-542
-6777
3118
-486
-6791
3102
-486
-6791
3102
-510
-6879
3133
-1300
-2023
1869
-1510
-2474
1734
-667
-6805
3303
-658
-6785
3247
-658
-6785
3247
-627
-6875
3231
-1088
-3485
2983
-1063
-3726
2490
-149
-8131
2341
132
-8190
2286
19
-7318
3078
-149
-8131
2341
719
3024
2518
337
3274
2723
337
3274
2723
410
2239
2908
410
2239
2908
719
3024
2518
527
-6662
2021
303
-6975
1978
0
-6068
1822
48
-7553
1721
48
-7553
1721
-257
-6849
1863
-1145
-57
410
-898
932
669
-898
932
669
-880
-87
-21
-880
-87
-21
-1145
-57
410
-393
-6950
3201
-314
-6895
3203
-314
-6895
3203
-305
-6920
3256
-1202
-6097
4726
-936
-5728
4215
-936
-5728
4215
-1156
-5625
3883
-1156
-5625
3883
-1202
-6097
4726
48
-7553
1721
168
-7415
1926
168
-7415
1926
87
-7551
1894
87
-7551
1894
48
-7553
1721
-486
-6791
3102
-430
-6812
3104
-430
-6812
3104
-510
-6879
3133
1490
4681
-2616
1457
5001
-2679
1793
3367
-221
1490
4681
-2616
0
-4088
4018
-166
-4864
4064
-166
-4864
4064
575
-3721
3923
575
-3721
3923
0
-4088
4018
569
-1441
3273
0
-1224
3279
0
-1224
3279
140
-2146
3507
140
-2146
3507
569
-1441
3273
-411
-6988
3311
-380
-6955
3410
-380
-6955
3410
-430
-6949
3441
-430
-6949
3441
-411
-6988
3311
-1121
-1780
-115
-1549
-2391
784
-1318
-1918
1057
-1121
-1780
-115
-472
-6986
3363
-411
-6988
3311
-430
-6949
3441
-472
-6986
3363
-1565
-2959
1808
-1580
-3525
1405
-548
-6962
3373
-472
-6986
3363
-314
-6940
3312
-393
-6980
3276
-393
-6980
3276
-393
-6950
3201
-1063
-3726
2490
-1244
-3759
1933
-314
-6940
3312
-411
-6988
3311
-411
-6988
3311
-393
-6980
3276
-411
-6988
3311
-340
-6951
3365
-340
-6951
3365
-380
-6955
3410
-314
-6940
3312
-340
-6951
3365
-627
-6905
3306
-632
-6858
3403
-632
-6858
3403
-658
-6830
3357
-658
-6830
3357
-627
-6905
3306
-627
-6905
3306
-592
-6887
3437
-592
-6887
3437
-632
-6858
3403
1510
-2474
1734
1549
-2391
784
1549
-2391
784
1318
-1918
1057
1318
-1918
1057
1510
-2474
1734
-1004
3958
-1379
-1198
5198
-2045
-1198
5198
-2045
-1111
4624
-1675
-1111
4624
-1675
-1004
3958
-1379
-627
-6875
3231
-627
-6905
3306
-303
-6975
1978
-244
-7138
1979
-244
-7138
1979
-527
-6662
2021
1502
-2433
-195
1502
-1961
-907
1502
-1961
-907
999
-1625
-344
-542
-6913
3456
-582
-6944
3360
-582
-6944
3360
-548
-6962
3373
-582
-6944
3360
-592
-6887
3437
-627
-6905
3306
-582
-6944
3360
-542
-6913
3456
-592
-6887
3437
-610
-6867
3195
-592
-6771
3150
-592
-6771
3150
-542
-6777
3118
-542
-6777
3118
-610
-6867
3195
-610
-6867
3195
-632
-6774
3194
-632
-6774
3194
-592
-6771
3150
-548
-6869
3144
-610
-6867
3195
-542
-6777
3118
-548
-6869
3144
1580
-3525
1405
1356
-3759
950
1356
-3759
950
1385
-3562
583
1385
-3562
583
1580
-3525
1405
-510
-6879
3133
-548
-6869
3144
1276
4500
-3959
1161
4926
-2557
1203
4943
-4053
1276
4500
-3959
0
6287
345
0
8191
-464
0
8191
-464
-188
6277
21
-658
-6785
3247
-610
-6867
3195
-610
-6867
3195
-627
-6875
3231
-1054
-5450
2735
-1159
-5899
3727
-1188
-4876
2945
-1054
-5450
2735
-658
-6785
3247
-632
-6774
3194
-411
-6931
3170
-340
-6867
3157
-340
-6867
3157
-314
-6895
3203
-314
-6895
3203
-411
-6931
3170
1449
4477
-2564
1275
4491
-2709
1275
4491
-2709
1276
4500
-3959
1276
4500
-3959
1449
4477
-2564
-393
-6950
3201
-411
-6931
3170
-297
-7588
1850
0
-7827
1890
0
-7827
1890
-159
-7968
2227
-159
-7968
2227
-297
-7588
1850
1275
4491
-2709
1161
4926
-2557
-430
-6812
3104
-472
-6894
3134
-472
-6894
3134
-510
-6879
3133
-1784
-2466
-4679
-1591
-2249
-4190
-1591
-2249
-4190
-1238
-2516
-4645
-1238
-2516
-4645
-1784
-2466
-4679
-430
-6812
3104
-411
-6931
3170
-411
-6931
3170
-472
-6894
3134
-411
-6931
3170
-380
-6839
3122
-380
-6839
3122
-340
-6867
3157
-430
-6812
3104
-380
-6839
3122
1682
2053
951
1629
2415
-99
1629
2415
-99
1737
3006
559
-346
-5264
1311
-456
-6099
2057
-456
-6099
2057
-697
-6115
2354
0
8191
-464
-153
7168
-531
-153
7168
-531
-188
6277
21
-1159
-5899
3727
-1331
-6084
4536
-1331
-6084
4536
-1156
-5625
3883
1582
3795
169
1518
4473
-1626
1518
4473
-1626
1250
4220
-36
-774
-6532
2750
-592
-6786
2959
-592
-6786
2959
-783
-6699
3625
-783
-6699
3625
-774
-6532
2750
1721
-3122
-4726
1946
-3010
-4571
1946
-3010
-4571
1730
-3287
-4561
1730
-3287
-4561
1721
-3122
-4726
-1730
-3287
-4561
-1726
-3080
-4213
-1726
-3080
-4213
-1946
-2903
-4309
-1946
-2903
-4309
-1730
-3287
-4561
1490
4681
-2616
1552
4982
-4045
1552
4982
-4045
1457
5001
-2679
-1161
4926
-2557
-1004
3958
-1379
-269
-7062
3147
-503
-6860
3227
-503
-6860
3227
-592
-6786
2959
331
-7107
3040
483
-7074
3400
483
-7074
3400
0
-7226
3565
0
-7226
3565
331
-7107
3040
0
-3411
-73
831
-3477
100
831
-3477
100
0
-3869
474
0
-3869
474
0
-3411
-73
-527
-6662
2021
-774
-6532
2750
-774
-6532
2750
-697
-6115
2354
-697
-6115
2354
-527
-6662
2021
867
4128
1054
612
4164
906
612
4164
906
694
3976
1595
694
3976
1595
867
4128
1054
-676
-6091
4229
-936
-5728
4215
0
3364
2855
-337
3274
2723
-337
3274
2723
-7
1321
3162
-7
1321
3162
0
3364
2855
297
-7588
1850
425
-7423
2256
161
-7974
2228
297
-7588
1850
0
3364
2855
-331
3802
2417
-331
3802
2417
-337
3274
2723
-727
-6424
4048
0
-6876
4025
-898
932
669
-1295
1676
486
-657
966
265
-898
932
669
1054
-5450
2735
1188
-4876
2945
1188
-4876
2945
1159
-5899
3727
188
6277
21
299
4684
1302
299
4684
1302
97
6337
-473
-1188
-4876
2945
-1371
-4150
2482
-1371
-4150
2482
-1054
-5450
2735
1035
857
2228
1370
1631
1964
1370
1631
1964
1070
1900
2195
1742
3007
-898
1490
4681
-2616
1490
4681
-2616
1617
4604
-4025
1567
1449
1616
1370
1631
1964
1035
857
2228
1567
1449
1616
-411
-6931
3170
-510
-6879
3133
-510
-6879
3133
-472
-6894
3134
-472
-6894
3134
-411
-6931
3170
783
-6699
3625
727
-6424
4048
727
-6424
4048
642
-6693
3908
625
-4827
3990
575
-3721
3923
1088
-3485
2983
1175
-3385
2256
1175
-3385
2256
828
-3183
3085
831
-3477
100
1385
-3562
583
1385
-3562
583
0
-3869
474
-561
-6931
3285
-483
-7074
3400
-483
-7074
3400
-600
-6887
3272
-600
-6887
3272
-561
-6931
3285
-424
-2828
3800
-548
-2400
3570
-548
-2400
3570
-674
-3124
3580
-548
-6962
3373
-411
-6931
3170
-411
-6931
3170
-472
-6986
3363
-472
-6986
3363
-548
-6962
3373
-582
-6944
3360
-411
-6931
3170
-548
-6962
3373
-582
-6944
3360
-719
3024
2518
-972
3637
1885
-972
3637
1885
-1437
3231
1584
-411
-6931
3170
-411
-6988
3311
-411
-6988
3311
-472
-6986
3363
97
6337
-473
0
4703
923
0
4703
923
0
6204
-533
0
6204
-533
97
6337
-473
-411
-6988
3311
-393
-6950
3201
-393
-6950
3201
-393
-6980
3276
-393
-6980
3276
-411
-6988
3311
0
-7226
3565
0
-6876
4025
0
-6876
4025
-483
-7074
3400
1552
4982
-4045
1245
4649
-4656
1245
4649
-4656
1203
4943
-4053
340
-6955
3069
503
-6860
3227
503
-6860
3227
468
-6871
3232
468
-6871
3232
340
-6955
3069
999
-1625
-344
880
-87
-21
880
-87
-21
1121
-1780
-115
-600
-6887
3272
-783
-6699
3625
-592
-6786
2959
-600
-6887
3272
-569
-1441
3273
-1072
-1436
2776
-1072
-1436
2776
-888
-2496
3410
-888
-2496
3410
-569
-1441
3273
577
1740
240
0
2306
-13
0
2306
-13
279
2884
-126
279
2884
-126
577
1740
240
1385
-3562
583
489
-4179
822
489
-4179
822
0
-3869
474
-1414
3749
1091
-1678
2926
1048
-1107
3772
1421
-1414
3749
1091
-1721
-3122
-4726
-1946
-3010
-4571
-1946
-3010
-4571
-1962
-2984
-4568
1678
2926
1048
1414
3749
1091
1414
3749
1091
1107
3772
1421
1107
3772
1421
1678
2926
1048
-1437
3231
1584
-1504
2534
1531
-1504
2534
1531
-1044
2600
1981
-794
2032
2646
-1044
2600
1981
-1044
2600
1981
-1070
1900
2195
636
-5141
1590
791
-4751
1710
1086
-5744
2704
636
-5141
1590
0
-1146
-527
-355
-140
-255
-355
-140
-255
-47
940
-15
-47
940
-15
0
-1146
-527
1582
3795
169
1414
3749
1091
1414
3749
1091
1737
3006
559
1737
3006
559
1582
3795
169
1957
4213
-4274
1703
3968
-4173
1703
3968
-4173
1917
4066
-4558
1917
4066
-4558
1957
4213
-4274
1244
-3759
1933
1082
-3973
1503
1082
-3973
1503
1580
-3525
1405
1580
-3525
1405
1244
-3759
1933
1149
-330
2672
1035
857
2228
-1502
-1961
-907
-1242
-1546
-723
-1242
-1546
-723
-1764
-2443
-3279
-1370
1631
1964
-1567
1449
1616
-1567
1449
1616
-1035
857
2228
-991
-1954
-827
-973
-2961
-492
-1100
-2705
-1055
-991
-1954
-827
331
-7107
3040
340
-6955
3069
340
-6955
3069
483
-7074
3400
831
-3477
100
663
-3138
-130
663
-3138
-130
973
-2961
-492
973
-2961
-492
831
-3477
100
-1502
-2433
-195
-1121
-1780
-115
-627
-6905
3306
-411
-6931
3170
-582
-6944
3360
-627
-6905
3306
896
-4331
1281
636
-5141
1590
636
-5141
1590
346
-5264
1311
346
-5264
1311
896
-4331
1281
-411
-6931
3170
-393
-6950
3201
-1348
5175
-2067
-1258
4712
-1621
-1258
4712
-1621
-1198
5198
-2045
-1198
5198
-2045
-1348
5175
-2067
-1957
4213
-4274
-1917
4066
-4558
-1202
-6097
4726
-1331
-6084
4536
-1331
-6084
4536
-1096
-5983
4395
-1518
4473
-1626
-1582
3795
169
-1250
4220
-36
-1518
4473
-1626
-1100
-2705
-1055
-1297
-2534
-2680
-1297
-2534
-2680
-991
-1954
-827
132
-8190
2286
0
-7827
1890
0
-7827
1890
161
-7974
2228
-1385
-3562
583
-1312
-3389
18
-1312
-3389
18
-831
-3477
100
-831
-3477
100
-1385
-3562
583
425
-7423
2256
592
-6786
2959
592
-6786
2959
331
-7107
3040
331
-7107
3040
425
-7423
2256
410
2239
2908
763
909
2771
794
2032
2646
410
2239
2908
-1086
-5744
2704
-697
-6115
2354
1121
-1780
-115
1549
-2391
784
1549
-2391
784
1502
-2433
-195
-569
-1441
3273
-548
-2400
3570
-548
-2400
3570
0
-1224
3279
-853
-1728
-506
-541
-1389
-503
-541
-1389
-503
-634
-2138
-428
-634
-2138
-428
-853
-1728
-506
-1917
4066
-4558
-1935
4095
-4553
-967
2923
-1011
-1217
2876
-1374
-1217
2876
-1374
-1138
3746
-2004
-577
-6881
3237
-593
-6890
3252
-593
-6890
3252
-592
-6786
2959
-592
-6786
2959
-577
-6881
3237
-791
-4751
1710
-1054
-5450
2735
-1371
-4150
2482
-791
-4751
1710
-1188
-4876
2945
-1222
-4081
2955
1678
2926
1048
1567
1449
1616
1490
4681
-2616
1449
4477
-2564
1449
4477
-2564
1617
4604
-4025
-610
-6867
3195
-411
-6931
3170
-411
-6931
3170
-627
-6875
3231
-627
-6875
3231
-610
-6867
3195
-297
-7588
1850
-527
-6662
2021
-244
-7138
1979
-297
-7588
1850
-965
1589
407
-1016
2011
-374
-1016
2011
-374
-577
1740
240
-577
1740
240
-965
1589
407
1297
-2534
-2680
1267
-2453
-3400
1267
-2453
-3400
1471
-2598
-3136
1471
-2598
-3136
1297
-2534
-2680
-627
-6905
3306
-627
-6875
3231
-1552
4982
-4045
-1245
4649
-4656
-1802
4631
-4571
-1552
4982
-4045
-346
-5264
1311
18
-5500
1442
-411
-6931
3170
-548
-6869
3144
-548
-6869
3144
-510
-6879
3133
630
2663
-349
577
1740
240
279
2884
-126
630
2663
-349
-610
-6867
3195
-548
-6869
3144
-973
-2961
-492
-1584
-2995
-370
-1584
-2995
-370
-1336
-2843
-1177
-1225
-318
2318
-1072
-1436
2776
-1072
-1436
2776
-1149
-330
2672
1181
-2987
2517
828
-3183
3085
1175
-3385
2256
1181
-2987
2517
-1490
4681
-2616
-1742
3007
-898
-1742
3007
-898
-1793
3367
-221
-1793
3367
-221
-1490
4681
-2616
303
-4445
794
489
-4179
822
489
-4179
822
896
-4331
1281
896
-4331
1281
303
-4445
794
-1449
4477
-2564
-1617
4604
-4025
-1617
4604
-4025
-1276
4500
-3959
1612
-3329
666
1510
-2474
1734
1510
-2474
1734
1565
-2959
1808
-1258
4712
-1621
-1250
4220
-36
-1250
4220
-36
-1017
4262
-297
-1017
4262
-297
-1258
4712
-1621
828
-3183
3085
1253
-2530
3058
1253
-2530
3058
888
-2496
3410
888
-2496
3410
828
-3183
3085
1703
3968
-4173
1276
4500
-3959
1276
4500
-3959
1131
4043
-4334
1357
-1992
-3533
1241
-2085
-3571
1265
-1748
-1538
1357
-1992
-3533
0
4054
2497
203
4464
1897
203
4464
1897
0
5103
1626
0
5103
1626
0
4054
2497
1004
3958
-1379
757
3748
-288
757
3748
-288
1017
4262
-297
-1793
3367
-221
-1737
3006
559
-1582
3795
169
-1793
3367
-221
-1504
2534
1531
-1370
1631
1964
-1370
1631
1964
-1044
2600
1981
1244
-3759
1933
1175
-3385
2256
1175
-3385
2256
1063
-3726
2490
-244
-7152
1991
-303
-6975
1978
-303
-6975
1978
-168
-7415
1926
-168
-7415
1926
-244
-7152
1991
-1245
4649
-4656
-1072
4428
-4490
-1072
4428
-4490
-1374
4102
-4661
203
4464
1897
331
3802
2417
331
3802
2417
299
4684
1302
299
4684
1302
203
4464
1897
896
-4331
1281
791
-4751
1710
1678
2926
1048
1437
3231
1584
1437
3231
1584
1504
2534
1531
1504
2534
1531
1678
2926
1048
-1198
5198
-2045
-1203
4943
-4053
-1203
4943
-4053
-1552
4982
-4045
-1552
4982
-4045
-1198
5198
-2045
-783
-6699
3625
-1159
-5899
3727
-1217
2876
-1374
-1527
3267
-1629
-783
-6699
3625
-727
-6424
4048
-727
-6424
4048
-1159
-5899
3727
674
-3124
3580
510
-2753
3711
510
-2753
3711
575
-3721
3923
575
-3721
3923
674
-3124
3580
-1946
-2903
-4309
-1892
-2555
-4336
-1892
-2555
-4336
-1965
-2972
-4564
-1075
789
1620
-1035
857
2228
-1567
1449
1616
-1075
789
1620
-541
-1389
-503
-999
-1625
-344
-880
-87
-21
-541
-1389
-503
0
-4088
4018
-424
-2828
3800
-575
-3721
3923
0
-4088
4018
612
4164
906
1017
4262
-297
757
3748
-288
612
4164
906
1035
857
2228
1075
789
1620
-1678
2926
1048
-1504
2534
1531
940
-3684
3561
625
-4827
3990
625
-4827
3990
952
-4843
3791
1957
4213
-4274
1617
4604
-4025
1617
4604
-4025
1703
3968
-4173
1556
2637
-950
1527
3267
-1629
1527
3267
-1629
1742
3007
-898
1527
3267
-1629
1490
4681
-2616
973
-2961
-492
991
-1954
-827
991
-1954
-827
1100
-2705
-1055
1100
-2705
-1055
973
-2961
-492
-1318
-1918
1057
-1300
-2023
1869
-1300
-2023
1869
-1412
-1091
916
-1412
-1091
916
-1318
-1918
1057
1784
-2466
-4679
1591
-2249
-4190
1591
-2249
-4190
1892
-2555
-4336
1892
-2555
-4336
1784
-2466
-4679
1012
773
1167
1288
-169
1134
1288
-169
1134
1145
-57
410
1145
-57
410
1012
773
1167
-663
-3138
-130
-634
-2138
-428
-634
-2138
-428
0
-2024
-565
0
-2024
-565
-663
-3138
-130
355
-140
-255
0
-1146
-527
-47
940
-15
355
-140
-255
483
-7074
3400
600
-6887
3272
600
-6887
3272
783
-6699
3625
-1664
-2834
-145
-1584
-2995
-370
-1584
-2995
-370
-1612
-3329
666
-1580
-3525
1405
-1356
-3759
950
-1356
-3759
950
-1082
-3973
1503
-1082
-3973
1503
-1580
-3525
1405
-1591
-2249
-4190
-1764
-2443
-3279
-297
-7588
1850
-425
-7423
2256
-425
-7423
2256
-527
-6662
2021
1185
-2500
-4102
1241
-2085
-3571
1241
-2085
-3571
1238
-2516
-4645
1238
-2516
-4645
1185
-2500
-4102
299
4684
1302
-74
4227
1570
-74
4227
1570
0
4703
923
0
4703
923
299
4684
1302
-663
-3138
-130
-973
-2961
-492
-973
-2961
-492
-634
-2138
-428
1504
2534
1531
1044
2600
1981
1044
2600
1981
1370
1631
1964
1370
1631
1964
1504
2534
1531
-331
3802
2417
-688
3935
1734
-688
3935
1734
-972
3637
1885
-972
3637
1885
-331
3802
2417
-783
-6699
3625
-642
-6693
3908
-642
-6693
3908
-727
-6424
4048
1004
3958
-1379
967
2923
-1011
967
2923
-1011
757
3748
-288
-1412
-1091
916
-1380
-1327
2404
-1380
-1327
2404
-1288
-169
1134
-1288
-169
1134
-1412
-1091
916
510
-2753
3711
-424
-2828
3800
-424
-2828
3800
575
-3721
3923
-999
-1625
-344
-1242
-1546
-723
1312
-3389
18
1584
-2995
-370
1584
-2995
-370
1385
-3562
583
1385
-3562
583
1312
-3389
18
-1674
-2507
-3874
-1471
-2598
-3136
-1471
-2598
-3136
-1655
-2708
-1426
1312
-3389
18
831
-3477
100
973
-2961
-492
1312
-3389
18
-719
3024
2518
-337
3274
2723
-337
3274
2723
-972
3637
1885
697
-6115
2354
1086
-5744
2704
1086
-5744
2704
774
-6532
2750
774
-6532
2750
697
-6115
2354
1414
3749
1091
694
3976
1595
694
3976
1595
1107
3772
1421
1082
-3973
1503
489
-4179
822
489
-4179
822
1356
-3759
950
1356
-3759
950
1082
-3973
1503
-1726
-3080
-4213
-1276
-3084
-4445
-1276
-3084
-4445
-1473
-2726
-4078
1565
-2959
1808
1175
-3385
2256
1175
-3385
2256
1580
-3525
1405
674
-3124
3580
888
-2496
3410
140
-2146
3507
-424
-2828
3800
510
-2753
3711
140
-2146
3507
-1742
3007
-898
-1556
2637
-950
-1556
2637
-950
-1629
2415
-99
210
4152
1813
331
3802
2417
331
3802
2417
158
4098
1541
158
4098
1541
210
4152
1813
-1784
-2466
-4679
-1892
-2555
-4336
-1892
-2555
-4336
-1591
-2249
-4190
1241
-2085
-3571
1267
-2453
-3400
1267
-2453
-3400
1102
-1635
-916
853
-1728
-506
999
-1625
-344
999
-1625
-344
1242
-1546
-723
1242
-1546
-723
853
-1728
-506
-87
-7537
1882
0
-7609
1868
-972
3637
1885
-1107
3772
1421
592
-6786
2959
774
-6532
2750
774
-6532
2750
783
-6699
3625
783
-6699
3625
592
-6786
2959
-541
-1389
-503
-355
-140
-255
0
-1146
-527
-541
-1389
-503
471
3448
-19
757
3748
-288
967
2923
-1011
471
3448
-19
-1276
-3084
-4445
-1612
-2974
-4662
-1612
-2974
-4662
-1238
-2516
-4645
-1238
-2516
-4645
-1276
-3084
-4445
896
-4331
1281
1371
-4150
2482
1371
-4150
2482
791
-4751
1710
-1556
2637
-950
-1527
3267
-1629
352
4001
618
471
3448
-19
0
3563
118
352
4001
618
1012
773
1167
898
932
669
898
932
669
1682
2053
951
1682
2053
951
1012
773
1167
-1617
4604
-4025
-1802
4631
-4571
-828
-3183
3085
-940
-3684
3561
-940
-3684
3561
-674
-3124
3580
-489
-4179
822
-303
-4445
794
-303
-4445
794
-896
-4331
1281
1250
4220
-36
612
4164
906
991
-1954
-827
1102
-1635
-916
1267
-2453
-3400
991
-1954
-827
-350
3991
613
-612
4164
906
-189
4100
1533
-350
3991
613
1242
-1546
-723
1102
-1635
-916
1102
-1635
-916
853
-1728
-506
-663
-3138
-130
0
-2673
-436
0
-2673
-436
0
-3411
-73
158
4098
1541
694
3976
1595
612
4164
906
158
4098
1541
-1016
2011
-374
-630
2663
-349
-630
2663
-349
-577
1740
240
783
-6699
3625
1159
-5899
3727
1159
-5899
3727
727
-6424
4048
1612
-2974
-4662
1238
-2516
-4645
1238
-2516
-4645
1784
-2466
-4679
1784
-2466
-4679
1612
-2974
-4662
828
-3183
3085
674
-3124
3580
674
-3124
3580
940
-3684
3561
-483
-7074
3400
-783
-6699
3625
468
-6871
3232
459
-6887
3240
459
-6887
3240
340
-6955
3069
1072
-1436
2776
1380
-1327
2404
1380
-1327
2404
1225
-318
2318
1225
-318
2318
1072
-1436
2776
-1946
-3010
-4571
-1730
-3287
-4561
1096
-5983
4395
1159
-5899
3727
1159
-5899
3727
1331
-6084
4536
1331
-6084
4536
1096
-5983
4395
-1374
4102
-4661
-1624
3757
-4519
-1624
3757
-4519
-1780
3904
-4679
-1780
3904
-4679
-1374
4102
-4661
-346
-5264
1311
-896
-4331
1281
1935
4095
-4553
1780
3904
-4679
1938
4108
-4548
1935
4095
-4553
-47
940
-15
-577
1740
240
-577
1740
240
0
2306
-13
0
2306
-13
-47
940
-15
999
-1625
-344
541
-1389
-503
541
-1389
-503
880
-87
-21
-763
909
2771
-412
2225
2915
-412
2225
2915
-794
2032
2646
-1111
4624
-1675
-1258
4712
-1621
-1017
4262
-297
-1111
4624
-1675
1258
4712
-1621
1111
4624
-1675
1017
4262
-297
1258
4712
-1621
210
4152
1813
299
4684
1302
-535
-6942
3285
-498
-6930
3273
-483
-7074
3400
-535
-6942
3285
1348
5175
-2067
1258
4712
-1621
1258
4712
-1621
1518
4473
-1626
1518
4473
-1626
1348
5175
-2067
-927
-4818
3841
-1222
-4081
2955
535
-6942
3285
561
-6931
3285
561
-6931
3285
483
-7074
3400
483
-7074
3400
535
-6942
3285
-1370
1631
1964
-1678
2926
1048
593
-6890
3252
577
-6881
3237
592
-6786
2959
593
-6890
3252
1072
-1436
2776
888
-2496
3410
1253
-2530
3058
1072
-1436
2776
1004
3958
-1379
1161
4926
-2557
1161
4926
-2557
1138
3746
-2004
1138
3746
-2004
1004
3958
-1379
-1244
-3759
1933
-1082
-3973
1503
592
-6786
2959
340
-6955
3069
-1580
-3525
1405
-1612
-3329
666
-1612
-3329
666
-1385
-3562
583
-1385
-3562
583
-1580
-3525
1405
0
-4619
818
18
-5500
1442
-1674
-2507
-3874
-1473
-2726
-4078
-1473
-2726
-4078
-1471
-2598
-3136
967
2923
-1011
1138
3746
-2004
1138
3746
-2004
1217
2876
-1374
1217
2876
-1374
967
2923
-1011
1107
3772
1421
1437
3231
1584
-1242
-1546
-723
-853
-1728
-506
-853
-1728
-506
-1102
-1635
-916
-1102
-1635
-916
-1242
-1546
-723
87
-7537
1882
168
-7401
1914
168
-7401
1914
0
-7827
1890
-1965
-2972
-4564
-1784
-2466
-4679
-1784
-2466
-4679
-1612
-2974
-4662
-1612
-2974
-4662
-1965
-2972
-4564
-203
4464
1897
-299
4684
1302
-299
4684
1302
-331
3802
2417
1222
-4081
2955
1063
-3726
2490
1063
-3726
2490
1088
-3485
2983
1088
-3485
2983
1222
-4081
2955
-297
-7588
1850
-168
-7401
1914
1414
3749
1091
867
4128
1054
-1584
-2995
-370
-1312
-3389
18
-1385
-3562
583
-1584
-2995
-370
-1159
-5899
3727
-1096
-5983
4395
1412
-1091
916
1121
-1780
-115
1121
-1780
-115
1145
-57
410
1145
-57
410
1412
-1091
916
-1016
2011
-374
-967
2923
-1011
-967
2923
-1011
-630
2663
-349
0
6204
-533
0
7215
-860
0
7215
-860
97
6337
-473
-337
3274
2723
-412
2225
2915
-412
2225
2915
-7
1321
3162
-1414
3749
1091
-875
4098
1080
-927
-4818
3841
-940
-3684
3561
-1175
-3385
2256
-1063
-3726
2490
1107
3772
1421
972
3637
1885
-1703
3968
-4173
-1276
4500
-3959
-1678
2926
1048
-1737
3006
559
-1737
3006
559
-1682
2053
951
527
-6662
2021
244
-7138
1979
244
-7138
1979
303
-6975
1978
-1258
4712
-1621
-1518
4473
-1626
-350
3991
613
-757
3748
-288
-757
3748
-288
-612
4164
906
471
3448
-19
630
2663
-349
-1549
-2391
784
-1502
-2433
-195
-1502
-2433
-195
-1664
-2834
-145
1385
-3562
583
1612
-3329
666
18
-5500
1442
346
-5264
1311
346
-5264
1311
697
-6115
2354
697
-6115
2354
18
-5500
1442
1371
-4150
2482
1054
-5450
2735
-634
-2138
-428
0
-1146
-527
0
-1146
-527
0
-2024
-565
1096
-5983
4395
727
-6424
4048
-1017
4262
-297
-1004
3958
-1379
-546
-5424
4231
-936
-5728
4215
1591
-2249
-4190
1357
-1992
-3533
1265
-1748
-1538
1591
-2249
-4190
-1457
5001
-2679
-1490
4681
-2616
-548
-2400
3570
140
-2146
3507
0
-6876
4025
727
-6424
4048
-757
3748
-288
-471
3448
-19
-471
3448
-19
-967
2923
-1011
-967
2923
-1011
-757
3748
-288
1004
3958
-1379
1198
5198
-2045
1082
-3973
1503
896
-4331
1281
1188
-4876
2945
952
-4843
3791
952
-4843
3791
1159
-5899
3727
-1149
-330
2672
-569
-1441
3273
-538
-188
3119
-1149
-330
2672
663
-3138
-130
0
-2673
-436
0
-2673
-436
0
-2024
-565
0
-2024
-565
663
-3138
-130
-642
-6693
3908
0
-6876
4025
541
-1389
-503
355
-140
-255
355
-140
-255
880
-87
-21
1582
3795
169
1793
3367
-221
1331
-6084
4536
1202
-6097
4726
1202
-6097
4726
1096
-5983
4395
297
-7588
1850
168
-7401
1914
168
-7401
1914
244
-7138
1979
244
-7138
1979
297
-7588
1850
-1075
789
1620
-1225
-318
2318
967
2923
-1011
630
2663
-349
0
-6876
4025
483
-7074
3400
642
-6693
3908
0
-6876
4025
352
4001
618
612
4164
906
757
3748
-288
352
4001
618
1682
2053
951
1295
1676
486
1295
1676
486
1629
2415
-99
1348
5175
-2067
1198
5198
-2045
1198
5198
-2045
1258
4712
-1621
257
-6849
1863
0
-6068
1822
-1012
773
1167
-1075
789
1620
-1075
789
1620
-1682
2053
951
-1682
2053
951
-1012
773
1167
-1198
5198
-2045
-1457
5001
-2679
1655
-2708
-1426
1336
-2843
-1177
1336
-2843
-1177
1471
-2598
-3136
1471
-2598
-3136
1655
-2708
-1426
-1357
-1992
-3533
-1241
-2085
-3571
-1241
-2085
-3571
-1591
-2249
-4190
-1591
-2249
-4190
-1357
-1992
-3533
-153
7168
-531
-97
6337
-473
-97
6337
-473
-188
6277
21
-1678
4200
-4643
-1938
4108
-4548
-1490
4681
-2616
-1527
3267
-1629
-1527
3267
-1629
-1742
3007
-898
-630
2663
-349
-471
3448
-19
-471
3448
-19
-320
2861
-123
-320
2861
-123
-630
2663
-349
-350
3991
613
352
4001
618
0
3563
118
-350
3991
613
1016
2011
-374
1217
2876
-1374
1217
2876
-1374
1556
2637
-950
728
-5992
4240
1156
-5625
3883
1156
-5625
3883
902
-5463
4153
346
-5264
1311
303
-4445
794
-575
-3721
3923
-940
-3684
3561
-1017
4262
-297
-612
4164
906
-757
3748
-288
-1017
4262
-297
0
3364
2855
0
4054
2497
0
-4619
818
346
-5264
1311
485
-5456
4246
-546
-5424
4231
240
-6203
4302
485
-5456
4246
1624
3757
-4519
1780
3904
-4679
1780
3904
-4679
1703
3968
-4173
940
-3684
3561
575
-3721
3923
1185
-2500
-4102
1267
-2453
-3400
1784
-2466
-4679
1965
-2972
-4564
1965
-2972
-4564
1612
-2974
-4662
-468
-6871
3232
-503
-6860
3227
-483
-7074
3400
-642
-6693
3908
-1938
4108
-4548
-1917
4066
-4558
-47
940
-15
-965
1589
407
188
6277
21
203
4464
1897
-1121
-1780
-115
-1145
-57
410
-1086
-5744
2704
-1054
-5450
2735
-719
3024
2518
-412
2225
2915
952
-4843
3791
1156
-5625
3883
1156
-5625
3883
1159
-5899
3727
1276
4500
-3959
1617
4604
-4025
634
-2138
-428
991
-1954
-827
973
-2961
-492
634
-2138
-428
331
3802
2417
694
3976
1595
498
-6930
3273
535
-6942
3285
483
-7074
3400
498
-6930
3273
-561
-6931
3285
-535
-6942
3285
541
-1389
-503
853
-1728
-506
853
-1728
-506
634
-2138
-428
634
-2138
-428
541
-1389
-503
-1312
-3389
18
-973
-2961
-492
-973
-2961
-492
-831
-3477
100
697
-6115
2354
636
-5141
1590
1217
2876
-1374
1527
3267
-1629
541
-1389
-503
0
-1146
-527
896
-4331
1281
1244
-3759
1933
303
-6975
1978
244
-7152
1991
244
-7152
1991
168
-7415
1926
168
-7415
1926
303
-6975
1978
1198
5198
-2045
1457
5001
-2679
991
-1954
-827
853
-1728
-506
1935
4095
-4553
1917
4066
-4558
1917
4066
-4558
1780
3904
-4679
1331
-6084
4536
1156
-5625
3883
1156
-5625
3883
1202
-6097
4726
-555
-6865
3230
-592
-6786
2959
-503
-6860
3227
-555
-6865
3230
-1624
3757
-4519
-1703
3968
-4173
-1780
3904
-4679
-1678
4200
-4643
-1185
-2500
-4102
-1241
-2085
-3571
-1267
-2453
-3400
-1185
-2500
-4102
663
-3138
-130
0
-3411
-73
-538
-188
3119
-763
909
2771
-1102
-1635
-916
-1265
-1748
-1538
-1380
-1327
2404
-1225
-318
2318
-1075
789
1620
-1380
-1327
2404
1198
5198
-2045
1111
4624
-1675
-1131
4043
-4334
-1703
3968
-4173
-1624
3757
-4519
-1131
4043
-4334
459
-6887
3240
470
-6915
3252
470
-6915
3252
340
-6955
3069
-1203
4943
-4053
-1245
4649
-4656
-189
4100
1533
352
4001
618
615
986
234
898
932
669
880
-87
-21
615
986
234
-593
-6890
3252
-600
-6887
3272
470
-6915
3252
483
-7074
3400
-244
-7138
1979
-168
-7401
1914
0
4054
2497
331
3802
2417
634
-2138
-428
0
-1146
-527
-1276
-3084
-4445
-1730
-3287
-4561
-1730
-3287
-4561
-1721
-3122
-4726
-1721
-3122
-4726
-1276
-3084
-4445
794
2032
2646
719
3024
2518
972
3637
1885
331
3802
2417
337
3274
2723
972
3637
1885
1965
-2972
-4564
1721
-3122
-4726
1721
-3122
-4726
1612
-2974
-4662
-1267
-2453
-3400
-1473
-2726
-4078
-1473
-2726
-4078
-1185
-2500
-4102
-634
-2138
-428
-991
-1954
-827
-991
-1954
-827
-853
-1728
-506
1044
2600
1981
1070
1900
2195
-471
3448
-19
-350
3991
613
0
3563
118
-471
3448
-19
1527
3267
-1629
1138
3746
-2004
1138
3746
-2004
1449
4477
-2564
1449
4477
-2564
1527
3267
-1629
1258
4712
-1621
1250
4220
-36
-7
1321
3162
410
2239
2908
410
2239
2908
0
3364
2855
-896
-4331
1281
-791
-4751
1710
-1276
4500
-3959
-1161
4926
-2557
1917
4066
-4558
1938
4108
-4548
1938
4108
-4548
1957
4213
-4274
1265
-1748
-1538
1242
-1546
-723
1275
4491
-2709
1138
3746
-2004
1664
-2834
-145
1549
-2391
784
1549
-2391
784
1612
-3329
666
1612
-3329
666
1664
-2834
-145
0
-4619
818
489
-4179
822
303
-4445
794
0
-4619
818
297
-7588
1850
527
-6662
2021
527
-6662
2021
425
-7423
2256
-1674
-2507
-3874
-1591
-2249
-4190
-1892
-2555
-4336
-1674
-2507
-3874
1012
773
1167
1075
789
1620
-831
-3477
100
0
-3869
474
1297
-2534
-2680
991
-1954
-827
774
-6532
2750
1159
-5899
3727
1965
-2972
-4564
1946
-2903
-4309
1946
-2903
-4309
1946
-3010
-4571
1946
-3010
-4571
1965
-2972
-4564
630
2663
-349
1016
2011
-374
1016
2011
-374
577
1740
240
1188
-4876
2945
1371
-4150
2482
1371
-4150
2482
1222
-4081
2955
1222
-4081
2955
1188
-4876
2945
1044
2600
1981
794
2032
2646
-331
3802
2417
-189
4100
1533
1678
2926
1048
1370
1631
1964
-888
-2496
3410
-548
-2400
3570
-1552
4982
-4045
-1457
5001
-2679
-1241
-2085
-3571
-1265
-1748
-1538
-1276
-3084
-4445
-1185
-2500
-4102
-47
940
-15
-657
966
265
-757
3748
-288
-1004
3958
-1379
972
3637
1885
694
3976
1595
-1238
-2516
-4645
-1185
-2500
-4102
1225
-318
2318
1035
857
2228
1149
-330
2672
1225
-318
2318
0
4703
923
-97
6337
-473
-97
6337
-473
0
6204
-533
-1075
789
1620
-1288
-169
1134
1348
5175
-2067
1457
5001
-2679
-1253
-2530
3058
-1412
-1091
916
0
-7623
1880
48
-7553
1721
87
-7551
1894
0
-7623
1880
158
4098
1541
-74
4227
1570
-74
4227
1570
210
4152
1813
-1471
-2598
-3136
-1297
-2534
-2680
-1297
-2534
-2680
-1336
-2843
-1177
-1336
-2843
-1177
-1471
-2598
-3136
1591
-2249
-4190
1674
-2507
-3874
1674
-2507
-3874
1892
-2555
-4336
-1198
5198
-2045
-1161
4926
-2557
-1161
4926
-2557
-1203
4943
-4053
615
986
234
-47
940
-15
0
2306
-13
615
986
234
-1655
-2708
-1426
-1336
-2843
-1177
-1584
-2995
-370
-1655
-2708
-1426
-1490
4681
-2616
-1449
4477
-2564
410
2239
2908
561
-176
3106
1250
4220
-36
1017
4262
-297
-612
4164
906
-1250
4220
-36
-203
4464
1897
0
5103
1626
0
5103
1626
0
6287
345
1336
-2843
-1177
1297
-2534
-2680
1374
4102
-4661
1131
4043
-4334
1624
3757
-4519
1374
4102
-4661
1802
4631
-4571
1957
4213
-4274
-853
-1728
-506
-999
-1625
-344
1802
4631
-4571
1245
4649
-4656
1318
-1918
1057
1121
-1780
-115
1584
-2995
-370
1664
-2834
-145
1612
-3329
666
1584
-2995
-370
1664
-2834
-145
1655
-2708
-1426
1655
-2708
-1426
1764
-2443
-3279
1764
-2443
-3279
1664
-2834
-145
-159
-7968
2227
132
-8190
2286
-149
-8131
2341
-159
-7968
2227
158
4098
1541
352
4001
618
-189
4100
1533
158
4098
1541
527
-6662
2021
592
-6786
2959
-74
4227
1570
-299
4684
1302
-299
4684
1302
0
4703
923
355
-140
-255
615
986
234
-1490
4681
-2616
-1617
4604
-4025
0
-7623
1880
-87
-7551
1894
1962
-2984
-4568
1721
-3122
-4726
1965
-2972
-4564
1962
-2984
-4568
774
-6532
2750
527
-6662
2021
0
6287
345
188
6277
21
188
6277
21
0
8191
-464
-188
6277
21
-299
4684
1302
297
-7588
1850
0
-7827
1890
-269
-7062
3147
19
-7318
3078
1726
-3080
-4213
1892
-2555
-4336
1892
-2555
-4336
1473
-2726
-4078
1473
-2726
-4078
1726
-3080
-4213
1892
-2555
-4336
1946
-2903
-4309
1965
-2972
-4564
1892
-2555
-4336
600
-6887
3272
592
-6786
2959
1502
-2433
-195
1664
-2834
-145
1664
-2834
-145
1502
-1961
-907
-1721
-3122
-4726
-1612
-2974
-4662
1100
-2705
-1055
1336
-2843
-1177
1726
-3080
-4213
1730
-3287
-4561
1730
-3287
-4561
1946
-2903
-4309
1946
-2903
-4309
1726
-3080
-4213
967
2923
-1011
1016
2011
-374
600
-6887
3272
593
-6890
3252
-74
4227
1570
-331
3802
2417
-1490
4681
-2616
-1552
4982
-4045
-1552
4982
-4045
-1617
4604
-4025
-1288
-169
1134
-1012
773
1167
-1012
773
1167
-1145
-57
410
-1145
-57
410
-1288
-169
1134
0
6287
345
203
4464
1897
-719
3024
2518
-794
2032
2646
1471
-2598
-3136
1674
-2507
-3874
1674
-2507
-3874
1655
-2708
-1426
1181
-2987
2517
1253
-2530
3058
-348
-7234
2888
-425
-7423
2256
-425
-7423
2256
-149
-8131
2341
1674
-2507
-3874
1764
-2443
-3279
-168
-7415
1926
-257
-6849
1863
1238
-2516
-4645
1591
-2249
-4190
1962
-2984
-4568
1946
-3010
-4571
-1131
4043
-4334
-1374
4102
-4661
-1072
4428
-4490
-1131
4043
-4334
-425
-7423
2256
-159
-7968
2227
965
1589
407
1016
2011
-374
1295
1676
486
965
1589
407
470
-6915
3252
498
-6930
3273
1185
-2500
-4102
1276
-3084
-4445
1276
-3084
-4445
1473
-2726
-4078
1473
-2726
-4078
1185
-2500
-4102
965
1589
407
577
1740
240
1253
-2530
3058
1300
-2023
1869
-97
6337
-473
0
7215
-860
-555
-6865
3230
-577
-6881
3237
-74
4227
1570
-189
4100
1533
1072
-1436
2776
569
-1441
3273
-927
-4818
3841
-936
-5728
4215
-1145
-57
410
-1412
-1091
916
-1267
-2453
-3400
-1297
-2534
-2680
-1471
-2598
-3136
-1267
-2453
-3400
-1265
-1748
-1538
-1357
-1992
-3533
1730
-3287
-4561
1276
-3084
-4445
1276
-3084
-4445
1721
-3122
-4726
1100
-2705
-1055
1297
-2534
-2680
279
2884
-126
-320
2861
-123
-320
2861
-123
0
3563
118
952
-4843
3791
902
-5463
4153
615
986
234
577
1740
240
965
1589
407
615
986
234
-592
-6786
2959
-425
-7423
2256
-1241
-2085
-3571
-1238
-2516
-4645
1238
-2516
-4645
1276
-3084
-4445
1473
-2726
-4078
1267
-2453
-3400
1584
-2995
-370
1655
-2708
-1426
1471
-2598
-3136
1473
-2726
-4078
1473
-2726
-4078
1674
-2507
-3874
-538
-188
3119
-412
2225
2915
1276
-3084
-4445
1612
-2974
-4662
-527
-6662
2021
-592
-6786
2959
1565
-2959
1808
1181
-2987
2517
-1012
773
1167
-898
932
669
-299
4684
1302
-97
6337
-473
-636
-5141
1590
-896
-4331
1281
-7
1321
3162
-538
-188
3119
561
-176
3106
-7
1321
3162
1591
-2249
-4190
1241
-2085
-3571
1276
-3084
-4445
1726
-3080
-4213
-577
1740
240
279
2884
-126
-320
2861
-123
-577
1740
240
634
-2138
-428
0
-2024
-565
1072
-1436
2776
1149
-330
2672
-898
932
669
-1682
2053
951
1295
1676
486
898
932
669
615
986
234
1295
1676
486
-1203
4943
-4053
-1072
4428
-4490
1075
789
1620
1225
-318
2318
561
-6931
3285
600
-6887
3272
634
-2138
-428
663
-3138
-130
-1412
-1091
916
-1121
-1780
-115
0
7215
-860
-153
7168
-531
